1 0.2175 0.48714285714285716 0.04708333333333333 0.21642857142857144
1 0.28375 0.4064285714285714 0.035 0.15357142857142858
1 0.4191666666666667 0.33785714285714286 0.029166666666666667 0.13857142857142857
1 0.3466666666666667 0.44857142857142857 0.021666666666666667 0.17785714285714285
1 0.5266666666666666 0.5742857142857143 0.03625 0.21285714285714286
1 0.3883333333333333 0.54 0.04083333333333333 0.19428571428571428
1 0.36291666666666667 0.41785714285714287 0.0175 0.11642857142857142
1 0.5904166666666667 0.36857142857142855 0.03125 0.1757142857142857
1 0.6758333333333333 0.3464285714285714 0.042083333333333334 0.165
1 0.7583333333333333 0.5007142857142857 0.0375 0.1742857142857143
1 0.7616666666666667 0.38642857142857145 0.030833333333333334 0.07785714285714286
1 0.5370833333333334 0.4407142857142857 0.030833333333333334 0.08285714285714285