1 0.06125 0.6921428571428572 0.07083333333333333 0.21571428571428572
1 0.49333333333333335 0.3807142857142857 0.02875 0.13428571428571429
1 0.20416666666666666 0.3485714285714286 0.03208333333333333 0.11428571428571428
1 0.13708333333333333 0.3942857142857143 0.035 0.14214285714285715
1 0.5870833333333333 0.4614285714285714 0.017083333333333332 0.17642857142857143
1 0.6425 0.4857142857142857 0.034166666666666665 0.15857142857142856
1 0.5379166666666667 0.36857142857142855 0.023333333333333334 0.12071428571428572
1 0.285 0.4392857142857143 0.025 0.19785714285714287
1 0.3416666666666667 0.44785714285714284 0.02875 0.19214285714285714
1 0.6079166666666667 0.3807142857142857 0.022916666666666665 0.08928571428571429
1 0.64375 0.3757142857142857 0.024166666666666666 0.07
0 0.07666666666666666 0.6978571428571428 0.022916666666666665 0.047857142857142855
1 0.12166666666666667 0.5521428571428572 0.07083333333333333 0.2092857142857143