1 0.07375 0.42714285714285716 0.032916666666666664 0.17142857142857143
1 0.20208333333333334 0.465 0.04708333333333333 0.18785714285714286
1 0.29791666666666666 0.3628571428571429 0.04083333333333333 0.155
1 0.38333333333333336 0.41785714285714287 0.021666666666666667 0.16357142857142856
1 0.43 0.39785714285714285 0.03375 0.19214285714285714
1 0.7245833333333334 0.5192857142857142 0.04375 0.1657142857142857
1 0.5104166666666666 0.39285714285714285 0.060833333333333336 0.12285714285714286
1 0.58375 0.355 0.04375 0.12785714285714286
1 0.4945833333333333 0.3392857142857143 0.030416666666666668 0.135
1 0.7020833333333333 0.3792857142857143 0.049166666666666664 0.12142857142857143
1 0.755 0.4471428571428571 0.023333333333333334 0.15642857142857142
0 0.3279166666666667 0.22142857142857142 0.018333333333333333 0.039285714285714285