1 0.7625 0.44642857142857145 0.044583333333333336 0.18428571428571427
0 0.7466666666666667 0.36142857142857143 0.02 0.041428571428571426
1 0.7170833333333333 0.5271428571428571 0.0375 0.19785714285714287
1 0.6541666666666667 0.40285714285714286 0.037083333333333336 0.13
1 0.6941666666666667 0.3264285714285714 0.014166666666666666 0.125
1 0.49 0.375 0.03333333333333333 0.1442857142857143
1 0.6370833333333333 0.3007142857142857 0.02625 0.08357142857142857
1 0.4170833333333333 0.4592857142857143 0.03 0.19
1 0.3075 0.3407142857142857 0.03666666666666667 0.13071428571428573
1 0.2075 0.37214285714285716 0.04625 0.14142857142857143
1 0.08291666666666667 0.46 0.050833333333333335 0.175
1 0.39958333333333335 0.32071428571428573 0.021666666666666667 0.09285714285714286
1 0.42833333333333334 0.39 0.01875 0.14