1 0.26875 0.46214285714285713 0.035 0.22642857142857142
0 0.2608333333333333 0.31357142857142856 0.02 0.04428571428571428
1 0.11625 0.555 0.04875 0.195
1 0.14208333333333334 0.4142857142857143 0.027916666666666666 0.1492857142857143
1 0.2 0.38857142857142857 0.034166666666666665 0.15142857142857144
1 0.30916666666666665 0.2757142857142857 0.027083333333333334 0.11571428571428571
1 0.32166666666666666 0.43714285714285717 0.07375 0.2057142857142857
1 0.49 0.5014285714285714 0.037083333333333336 0.1757142857142857
1 0.4820833333333333 0.31642857142857145 0.01625 0.145
1 0.6675 0.3464285714285714 0.03625 0.12857142857142856
1 0.7645833333333333 0.3807142857142857 0.030833333333333334 0.1392857142857143
1 0.75375 0.5535714285714286 0.059583333333333335 0.185
1 0.4975 0.4135714285714286 0.042916666666666665 0.14785714285714285