1 0.6516666666666666 0.5792857142857143 0.06833333333333333 0.19785714285714287
1 0.6783333333333333 0.4228571428571429 0.03208333333333333 0.12357142857142857
1 0.7204166666666667 0.44785714285714284 0.03375 0.15714285714285714
1 0.11333333333333333 0.4235714285714286 0.018333333333333333 0.15571428571428572
1 0.14791666666666667 0.4907142857142857 0.03 0.16785714285714284
1 0.2791666666666667 0.33785714285714286 0.03375 0.11714285714285715
1 0.4241666666666667 0.5185714285714286 0.04041666666666666 0.20285714285714285
1 0.5229166666666667 0.3342857142857143 0.03 0.2007142857142857
1 0.54875 0.34785714285714286 0.022916666666666665 0.15214285714285714
1 0.6745833333333333 0.3142857142857143 0.020833333333333332 0.08571428571428572
1 0.4220833333333333 0.4135714285714286 0.028333333333333332 0.09
1 0.4429166666666667 0.3507142857142857 0.025833333333333333 0.09428571428571429
0 0.545 0.14142857142857143 0.024166666666666666 0.04214285714285714