1 0.19583333333333333 0.5328571428571428 0.04416666666666667 0.1992857142857143
1 0.22041666666666668 0.39357142857142857 0.03125 0.17
1 0.34958333333333336 0.41214285714285714 0.037083333333333336 0.14214285714285715
1 0.425 0.3657142857142857 0.035 0.15428571428571428
1 0.475 0.3464285714285714 0.027083333333333334 0.21785714285714286
1 0.69875 0.4957142857142857 0.04666666666666667 0.18714285714285714
1 0.64875 0.35714285714285715 0.03208333333333333 0.10428571428571429
1 0.7533333333333333 0.42214285714285715 0.03166666666666667 0.16214285714285714
1 0.49583333333333335 0.32785714285714285 0.03208333333333333 0.13428571428571429
0 0.48833333333333334 0.22428571428571428 0.016666666666666666 0.03
1 0.34833333333333333 0.3271428571428571 0.04083333333333333 0.1457142857142857
1 0.39458333333333334 0.28714285714285714 0.03208333333333333 0.13071428571428573