1 0.53125 0.42428571428571427 0.04375 0.10428571428571429
0 0.5454166666666667 0.36214285714285716 0.018333333333333333 0.035
1 0.13083333333333333 0.535 0.0225 0.16428571428571428
1 0.10708333333333334 0.45285714285714285 0.04416666666666667 0.1442857142857143
1 0.2816666666666667 0.3607142857142857 0.05416666666666667 0.11785714285714285
1 0.43666666666666665 0.51 0.027916666666666666 0.26142857142857145
1 0.4058333333333333 0.42642857142857143 0.0425 0.1742857142857143
1 0.5141666666666667 0.5464285714285714 0.05 0.18714285714285714
1 0.6129166666666667 0.5464285714285714 0.06208333333333333 0.18428571428571427
1 0.6929166666666666 0.42714285714285716 0.029166666666666667 0.16142857142857142
1 0.6391666666666667 0.35714285714285715 0.035416666666666666 0.13071428571428573
1 0.6041666666666666 0.42642857142857143 0.03666666666666667 0.10928571428571429