1 0.4008333333333333 0.2935714285714286 0.030833333333333334 0.13428571428571429
1 0.22083333333333333 0.385 0.04083333333333333 0.14357142857142857
1 0.22583333333333333 0.2792857142857143 0.02666666666666667 0.08357142857142857
1 0.015416666666666667 0.55 0.030416666666666668 0.19714285714285715
1 0.3695833333333333 0.5364285714285715 0.029583333333333333 0.22642857142857142
1 0.4266666666666667 0.455 0.030416666666666668 0.17857142857142858
1 0.60875 0.6435714285714286 0.03375 0.2621428571428571
1 0.485 0.3892857142857143 0.02125 0.16857142857142857
1 0.515 0.34 0.03916666666666667 0.1492857142857143
1 0.6458333333333334 0.33 0.020833333333333332 0.12928571428571428
1 0.7033333333333334 0.4692857142857143 0.024166666666666666 0.175
1 0.7516666666666667 0.4164285714285714 0.028333333333333332 0.15428571428571428