1 0.23416666666666666 0.41 0.0325 0.15214285714285714
1 0.2808333333333333 0.37357142857142855 0.027083333333333334 0.14857142857142858
1 0.3745833333333333 0.4085714285714286 0.027916666666666666 0.18428571428571427
1 0.41583333333333333 0.4278571428571429 0.044583333333333336 0.21071428571428572
1 0.4266666666666667 0.37714285714285717 0.021666666666666667 0.16428571428571428
1 0.4845833333333333 0.39714285714285713 0.035833333333333335 0.13285714285714287
1 0.52375 0.41 0.03125 0.11
1 0.5870833333333333 0.3628571428571429 0.035833333333333335 0.11857142857142858
1 0.6995833333333333 0.3921428571428571 0.03958333333333333 0.09642857142857143
1 0.7270833333333333 0.5014285714285714 0.03333333333333333 0.185
1 0.7529166666666667 0.445 0.03125 0.14285714285714285