1 0.48833333333333334 0.34214285714285714 0.035416666666666666 0.19857142857142857
0 0.4925 0.215 0.017916666666666668 0.03
1 0.5333333333333333 0.38357142857142856 0.0475 0.21071428571428572
1 0.4170833333333333 0.5371428571428571 0.035416666666666666 0.21785714285714286
1 0.19875 0.5092857142857142 0.043333333333333335 0.18142857142857144
1 0.12791666666666668 0.4407142857142857 0.0325 0.15285714285714286
1 0.29333333333333333 0.345 0.034583333333333334 0.11285714285714285
1 0.6429166666666667 0.6214285714285714 0.037083333333333336 0.24785714285714286
1 0.6333333333333333 0.32857142857142857 0.049166666666666664 0.13285714285714287
1 0.6941666666666667 0.45285714285714285 0.03 0.16142857142857142
1 0.7204166666666667 0.4107142857142857 0.03833333333333333 0.11285714285714285