0 0.6579166666666667 0.11928571428571429 0.015833333333333335 0.035
1 0.30416666666666664 0.325 0.03333333333333333 0.13428571428571429
1 0.14666666666666667 0.5121428571428571 0.04666666666666667 0.19142857142857142
1 0.09041666666666667 0.41 0.04541666666666667 0.16857142857142857
1 0.5204166666666666 0.3871428571428571 0.06708333333333333 0.17214285714285715
1 0.67625 0.5242857142857142 0.05375 0.21428571428571427
1 0.7408333333333333 0.4514285714285714 0.02875 0.16142857142857142
1 0.7975 0.5414285714285715 0.0475 0.21285714285714286
1 0.74375 0.3192857142857143 0.025833333333333333 0.07071428571428572
1 0.43083333333333335 0.4907142857142857 0.024583333333333332 0.17857142857142858
1 0.4375 0.3357142857142857 0.024166666666666666 0.07642857142857143