0 0.3575 0.1492857142857143 0.024166666666666666 0.04214285714285714
1 0.23916666666666667 0.48428571428571426 0.03916666666666667 0.18785714285714286
1 0.2920833333333333 0.48642857142857143 0.037083333333333336 0.185
1 0.29625 0.38285714285714284 0.041666666666666664 0.11428571428571428
1 0.4216666666666667 0.34285714285714286 0.04083333333333333 0.16142857142857142
1 0.395 0.4592857142857143 0.050416666666666665 0.16428571428571428
1 0.3491666666666667 0.5407142857142857 0.06833333333333333 0.20857142857142857
1 0.5479166666666667 0.4114285714285714 0.05291666666666667 0.18357142857142858
1 0.6958333333333333 0.36 0.04416666666666667 0.14642857142857144
1 0.7954166666666667 0.42142857142857143 0.04791666666666667 0.135
1 0.74375 0.5471428571428572 0.052083333333333336 0.205
1 0.4895833333333333 0.5364285714285715 0.041666666666666664 0.18
1 0.48083333333333333 0.43714285714285717 0.03875 0.14