1 0.49625 0.5878571428571429 0.058333333333333334 0.22285714285714286
0 0.4845833333333333 0.585 0.022083333333333333 0.04285714285714286
1 0.3025 0.47714285714285715 0.0475 0.20285714285714285
1 0.23708333333333334 0.31357142857142856 0.019166666666666665 0.12285714285714286
1 0.2579166666666667 0.40214285714285714 0.03958333333333333 0.15857142857142856
1 0.35041666666666665 0.4278571428571429 0.02625 0.1692857142857143
1 0.38333333333333336 0.43142857142857144 0.023333333333333334 0.16785714285714284
1 0.5570833333333334 0.4328571428571429 0.028333333333333332 0.16785714285714284
1 0.5825 0.4064285714285714 0.03625 0.1707142857142857
1 0.6533333333333333 0.44785714285714284 0.02125 0.14714285714285713
1 0.6383333333333333 0.38357142857142856 0.018333333333333333 0.10357142857142858
1 0.6704166666666667 0.395 0.025416666666666667 0.14142857142857143