0 0.47375 0.225 0.022083333333333333 0.04857142857142857
1 0.18041666666666667 0.49714285714285716 0.06208333333333333 0.1792857142857143
1 0.22125 0.33071428571428574 0.050416666666666665 0.15214285714285714
1 0.32166666666666666 0.2814285714285714 0.0425 0.12214285714285714
1 0.33791666666666664 0.3992857142857143 0.056666666666666664 0.15214285714285714
1 0.3233333333333333 0.5157142857142857 0.07916666666666666 0.2007142857142857
1 0.15875 0.39 0.04 0.11642857142857142
1 0.4845833333333333 0.44857142857142857 0.03916666666666667 0.1792857142857143
1 0.4870833333333333 0.38785714285714284 0.03375 0.17714285714285713
1 0.52125 0.37357142857142855 0.0325 0.16
1 0.6466666666666666 0.47 0.03333333333333333 0.20785714285714285
1 0.6829166666666666 0.355 0.03166666666666667 0.16
1 0.8320833333333333 0.4328571428571429 0.03916666666666667 0.15285714285714286