1 0.6658333333333334 0.5014285714285714 0.04875 0.16357142857142856
1 0.7570833333333333 0.4328571428571429 0.03125 0.16214285714285714
1 0.7025 0.35642857142857143 0.03666666666666667 0.11714285714285715
1 0.21125 0.5214285714285715 0.05125 0.16357142857142856
1 0.29125 0.3514285714285714 0.034583333333333334 0.17
1 0.20666666666666667 0.37785714285714284 0.02625 0.095
1 0.39 0.4157142857142857 0.04083333333333333 0.14357142857142857
1 0.40125 0.2757142857142857 0.024583333333333332 0.10428571428571429
1 0.43041666666666667 0.375 0.020833333333333332 0.14285714285714285
1 0.4841666666666667 0.3914285714285714 0.022916666666666665 0.15571428571428572
1 0.5075 0.3442857142857143 0.024166666666666666 0.11428571428571428
1 0.47625 0.28285714285714286 0.015 0.05928571428571429
0 0.49666666666666665 0.22285714285714286 0.014583333333333334 0.03357142857142857