1 0.7320833333333333 0.5035714285714286 0.02875 0.1957142857142857
1 0.42791666666666667 0.41785714285714287 0.032916666666666664 0.1957142857142857
1 0.48541666666666666 0.38857142857142857 0.0325 0.12857142857142856
1 0.5254166666666666 0.4035714285714286 0.0375 0.12142857142857143
1 0.5858333333333333 0.3585714285714286 0.032916666666666664 0.12785714285714286
1 0.69375 0.38 0.03833333333333333 0.11642857142857142
1 0.7491666666666666 0.43142857142857144 0.0275 0.15785714285714286
1 0.23541666666666666 0.40285714285714286 0.02 0.1792857142857143
1 0.2775 0.3707142857142857 0.027916666666666666 0.14714285714285713
1 0.3770833333333333 0.4235714285714286 0.02666666666666667 0.18857142857142858
1 0.43625 0.37785714285714284 0.025416666666666667 0.16714285714285715