1 0.41208333333333336 0.29714285714285715 0.04041666666666666 0.14285714285714285
0 0.45 0.24071428571428571 0.014583333333333334 0.04
1 0.2325 0.6107142857142858 0.08333333333333333 0.23285714285714285
1 0.20375 0.44785714285714284 0.022916666666666665 0.17785714285714285
1 0.2808333333333333 0.3442857142857143 0.04416666666666667 0.13214285714285715
1 0.3933333333333333 0.4164285714285714 0.027083333333333334 0.16714285714285715
1 0.3616666666666667 0.2885714285714286 0.025416666666666667 0.11785714285714285
1 0.4891666666666667 0.5285714285714286 0.0425 0.22
1 0.48041666666666666 0.33214285714285713 0.02875 0.16285714285714287
1 0.6804166666666667 0.34785714285714286 0.03625 0.135
1 0.7233333333333334 0.40785714285714286 0.032916666666666664 0.15285714285714286
1 0.6904166666666667 0.5435714285714286 0.05291666666666667 0.155