1 0.40208333333333335 0.39785714285714285 0.0575 0.225
0 0.43166666666666664 0.2621428571428571 0.016666666666666666 0.03642857142857143
1 0.38125 0.49785714285714283 0.034166666666666665 0.17142857142857143
1 0.15833333333333333 0.5507142857142857 0.04958333333333333 0.19785714285714287
1 0.1825 0.41928571428571426 0.034583333333333334 0.15571428571428572
1 0.30125 0.3578571428571429 0.03125 0.15142857142857144
1 0.33791666666666664 0.295 0.028333333333333332 0.125
1 0.6270833333333333 0.38 0.04083333333333333 0.15642857142857142
1 0.72625 0.5521428571428572 0.04416666666666667 0.14214285714285715
1 0.7308333333333333 0.42 0.04041666666666666 0.14142857142857143
1 0.47541666666666665 0.4042857142857143 0.024583333333333332 0.19785714285714287