1 0.08458333333333333 0.455 0.04083333333333333 0.1657142857142857
1 0.13375 0.535 0.03791666666666667 0.16285714285714287
1 0.2708333333333333 0.3407142857142857 0.04125 0.10142857142857142
1 0.40541666666666665 0.3678571428571429 0.03208333333333333 0.12142857142857143
1 0.43 0.5914285714285714 0.03666666666666667 0.14642857142857144
1 0.43083333333333335 0.4607142857142857 0.03791666666666667 0.14785714285714285
1 0.5066666666666667 0.455 0.050416666666666665 0.15214285714285714
1 0.5770833333333333 0.5564285714285714 0.044583333333333336 0.24428571428571427
1 0.6229166666666667 0.55 0.04416666666666667 0.19285714285714287
1 0.5583333333333333 0.33785714285714286 0.030416666666666668 0.11285714285714285
1 0.6929166666666666 0.42428571428571427 0.05708333333333333 0.16
1 0.60625 0.4064285714285714 0.03 0.11285714285714285
0 0.5595833333333333 0.12857142857142856 0.03 0.05714285714285714