1 0.2654166666666667 0.32285714285714284 0.03625 0.11071428571428571
1 0.19375 0.5085714285714286 0.06125 0.1707142857142857
1 0.14708333333333334 0.44285714285714284 0.034166666666666665 0.14142857142857143
1 0.40625 0.47928571428571426 0.04 0.18071428571428572
1 0.5216666666666666 0.43 0.05 0.19142857142857142
1 0.5575 0.5885714285714285 0.07833333333333334 0.22785714285714287
1 0.64 0.43642857142857144 0.0525 0.16071428571428573
1 0.52625 0.27285714285714285 0.037083333333333336 0.15642857142857142
1 0.43583333333333335 0.38642857142857145 0.043333333333333335 0.15642857142857142
1 0.4429166666666667 0.30428571428571427 0.03 0.06285714285714286
1 0.6108333333333333 0.32142857142857145 0.030833333333333334 0.056428571428571425