0 0.075 0.6428571428571429 0.030416666666666668 0.04214285714285714
1 0.13291666666666666 0.4735714285714286 0.042916666666666665 0.17
1 0.09333333333333334 0.46 0.03958333333333333 0.13357142857142856
1 0.2629166666666667 0.36142857142857143 0.04375 0.185
1 0.40166666666666667 0.5721428571428572 0.041666666666666664 0.19857142857142857
1 0.37583333333333335 0.4142857142857143 0.0325 0.17357142857142857
1 0.5325 0.7107142857142857 0.058333333333333334 0.2692857142857143
1 0.4845833333333333 0.4407142857142857 0.04041666666666666 0.19285714285714287
1 0.4395833333333333 0.5078571428571429 0.02875 0.20714285714285716
1 0.6545833333333333 0.5821428571428572 0.04541666666666667 0.215
1 0.5670833333333334 0.42714285714285716 0.025416666666666667 0.12071428571428572
1 0.5929166666666666 0.5185714285714286 0.025833333333333333 0.21642857142857144
1 0.6266666666666667 0.37857142857142856 0.02625 0.18071428571428572