0 0.5854166666666667 0.10714285714285714 0.015 0.039285714285714285
1 0.21833333333333332 0.39285714285714285 0.035833333333333335 0.1657142857142857
1 0.24166666666666667 0.4714285714285714 0.04583333333333333 0.18071428571428572
1 0.37333333333333335 0.435 0.03125 0.185
1 0.32708333333333334 0.3271428571428571 0.04416666666666667 0.16285714285714287
1 0.4033333333333333 0.3821428571428571 0.03166666666666667 0.16142857142857142
1 0.42916666666666664 0.3192857142857143 0.03208333333333333 0.15071428571428572
1 0.5633333333333334 0.37857142857142856 0.045 0.07857142857142857
1 0.49583333333333335 0.42 0.042916666666666665 0.175
1 0.6666666666666666 0.465 0.04 0.15928571428571428
1 0.7391666666666666 0.4114285714285714 0.03166666666666667 0.16071428571428573
1 0.64625 0.35714285714285715 0.0475 0.12857142857142856
1 0.4795833333333333 0.3492857142857143 0.019583333333333335 0.10928571428571429