1 0.4979166666666667 0.5157142857142857 0.04083333333333333 0.14285714285714285
1 0.6816666666666666 0.5778571428571428 0.049166666666666664 0.20642857142857143
1 0.17083333333333334 0.37214285714285716 0.04541666666666667 0.14785714285714285
1 0.23583333333333334 0.37 0.020833333333333332 0.15642857142857142
1 0.35791666666666666 0.38857142857142857 0.023333333333333334 0.15785714285714286
1 0.39416666666666667 0.3578571428571429 0.020833333333333332 0.16071428571428573
1 0.43416666666666665 0.4142857142857143 0.037083333333333336 0.16357142857142856
1 0.7183333333333334 0.35214285714285715 0.01 0.13214285714285715
1 0.74375 0.425 0.027083333333333334 0.15285714285714286
1 0.8045833333333333 0.39285714285714285 0.022083333333333333 0.135
1 0.7858333333333334 0.5314285714285715 0.0375 0.12285714285714286
0 0.41041666666666665 0.3842857142857143 0.01375 0.02857142857142857