0 0.32916666666666666 0.3242857142857143 0.02 0.04071428571428572
1 0.18208333333333335 0.535 0.041666666666666664 0.20214285714285715
1 0.115 0.47928571428571426 0.04083333333333333 0.15571428571428572
1 0.24583333333333332 0.37285714285714283 0.042916666666666665 0.15571428571428572
1 0.3983333333333333 0.49714285714285716 0.05 0.19071428571428573
1 0.5416666666666666 0.56 0.032916666666666664 0.25
1 0.6525 0.49642857142857144 0.03208333333333333 0.17285714285714285
1 0.6845833333333333 0.4164285714285714 0.03166666666666667 0.15714285714285714
1 0.49875 0.40714285714285714 0.028333333333333332 0.155
1 0.43833333333333335 0.3607142857142857 0.025833333333333333 0.18
1 0.54125 0.3871428571428571 0.03916666666666667 0.1357142857142857
1 0.5658333333333333 0.3357142857142857 0.025833333333333333 0.115