1 0.0175 0.435 0.029166666666666667 0.13285714285714287
1 0.22166666666666668 0.425 0.04833333333333333 0.17714285714285713
1 0.2975 0.36642857142857144 0.0425 0.17357142857142857
1 0.3725 0.41 0.020833333333333332 0.19857142857142857
1 0.42791666666666667 0.4092857142857143 0.0325 0.21071428571428572
1 0.48125 0.37642857142857145 0.03 0.16428571428571428
1 0.52875 0.41 0.03958333333333333 0.1392857142857143
1 0.58625 0.36642857142857144 0.052083333333333336 0.13357142857142856
1 0.6933333333333334 0.38142857142857145 0.042083333333333334 0.13642857142857143
1 0.73 0.49714285714285716 0.027083333333333334 0.18285714285714286
1 0.7520833333333333 0.43857142857142856 0.03 0.15428571428571428
0 0.015833333333333335 0.315 0.015833333333333335 0.03357142857142857