1 0.22958333333333333 0.5571428571428572 0.050833333333333335 0.19428571428571428
1 0.16291666666666665 0.4057142857142857 0.0225 0.15071428571428572
1 0.30625 0.3464285714285714 0.024583333333333332 0.16214285714285714
1 0.38 0.29285714285714287 0.024166666666666666 0.12285714285714286
1 0.36333333333333334 0.435 0.035416666666666666 0.13857142857142857
1 0.4220833333333333 0.4257142857142857 0.035833333333333335 0.15214285714285714
1 0.4820833333333333 0.5471428571428572 0.04125 0.19214285714285714
1 0.5 0.31 0.043333333333333335 0.12857142857142856
1 0.665 0.3407142857142857 0.043333333333333335 0.1357142857142857
1 0.7516666666666667 0.4042857142857143 0.03625 0.12357142857142857
1 0.7566666666666667 0.56 0.06625 0.16428571428571428
1 0.49125 0.41285714285714287 0.04833333333333333 0.11285714285714285
0 0.3229166666666667 0.115 0.024583333333333332 0.060714285714285714