1 0.49625 0.38785714285714284 0.04583333333333333 0.19071428571428573
0 0.5204166666666666 0.2621428571428571 0.01875 0.03357142857142857
1 0.1675 0.4928571428571429 0.030833333333333334 0.175
1 0.5845833333333333 0.5128571428571429 0.0875 0.175
1 0.6708333333333333 0.3442857142857143 0.03875 0.11142857142857143
1 0.8025 0.4742857142857143 0.03375 0.12785714285714286
1 0.7883333333333333 0.6585714285714286 0.06333333333333334 0.18642857142857142
1 0.81875 0.6064285714285714 0.05875 0.10214285714285715
1 0.4191666666666667 0.5321428571428571 0.019166666666666665 0.20714285714285716
1 0.12083333333333333 0.43142857142857144 0.03208333333333333 0.1407142857142857
1 0.14583333333333334 0.3842857142857143 0.020833333333333332 0.12571428571428572
1 0.42583333333333334 0.42214285714285715 0.02375 0.1392857142857143
1 0.4225 0.35428571428571426 0.0175 0.12928571428571428