1 0.4379166666666667 0.345 0.04375 0.16857142857142857
0 0.4320833333333333 0.25142857142857145 0.022083333333333333 0.04071428571428572
1 0.15666666666666668 0.445 0.0425 0.20142857142857143
1 0.0225 0.5971428571428572 0.045 0.2092857142857143
1 0.26625 0.3585714285714286 0.028333333333333332 0.14714285714285713
1 0.3179166666666667 0.30714285714285716 0.05 0.12285714285714286
1 0.37916666666666665 0.3807142857142857 0.05416666666666667 0.16428571428571428
1 0.5029166666666667 0.45785714285714285 0.05333333333333334 0.15142857142857144
1 0.5779166666666666 0.4635714285714286 0.05541666666666667 0.14642857142857144
1 0.62375 0.36 0.03 0.13714285714285715
1 0.7508333333333334 0.4235714285714286 0.024583333333333332 0.16142857142857142
1 0.48083333333333333 0.36714285714285716 0.01875 0.145
1 0.48833333333333334 0.29214285714285715 0.029166666666666667 0.09428571428571429