1 0.16416666666666666 0.4692857142857143 0.03333333333333333 0.15857142857142856
1 0.2975 0.31357142857142856 0.029583333333333333 0.115
1 0.33125 0.44142857142857145 0.04375 0.16357142857142856
1 0.8254166666666667 0.35928571428571426 0.020416666666666666 0.12214285714285714
1 0.7308333333333333 0.48642857142857143 0.03666666666666667 0.18785714285714286
1 0.7591666666666667 0.38285714285714284 0.025 0.13357142857142856
1 0.5295833333333333 0.39785714285714285 0.022083333333333333 0.16642857142857143
1 0.47875 0.40285714285714286 0.023333333333333334 0.15642857142857142
1 0.50375 0.36 0.025 0.14642857142857144
1 0.18166666666666667 0.39714285714285713 0.03916666666666667 0.13785714285714284
1 0.14916666666666667 0.4007142857142857 0.02666666666666667 0.14714285714285713
0 0.8108333333333333 0.31214285714285717 0.015833333333333335 0.035