1 0.0425 0.4564285714285714 0.0325 0.13214285714285715
1 0.145 0.345 0.042083333333333334 0.15
1 0.26708333333333334 0.2978571428571429 0.02375 0.14214285714285715
1 0.355 0.51 0.059166666666666666 0.18928571428571428
1 0.3570833333333333 0.3707142857142857 0.027083333333333334 0.10857142857142857
1 0.51 0.30214285714285716 0.027083333333333334 0.07071428571428572
1 0.5204166666666666 0.42214285714285715 0.0325 0.15214285714285714
1 0.6058333333333333 0.3742857142857143 0.04125 0.15071428571428572
1 0.5683333333333334 0.4735714285714286 0.049166666666666664 0.19214285714285714
1 0.6766666666666666 0.3807142857142857 0.030416666666666668 0.105
1 0.6733333333333333 0.5392857142857143 0.04958333333333333 0.19857142857142857
0 0.0125 0.415 0.011666666666666667 0.02857142857142857