0 0.6158333333333333 0.011428571428571429 0.02875 0.022857142857142857
1 0.15541666666666668 0.49714285714285716 0.05875 0.18071428571428572
1 0.16583333333333333 0.37214285714285716 0.04625 0.125
1 0.28875 0.3657142857142857 0.0525 0.145
1 0.37583333333333335 0.38642857142857145 0.05708333333333333 0.15642857142857142
1 0.6079166666666667 0.6564285714285715 0.0725 0.24857142857142858
1 0.7295833333333334 0.5685714285714286 0.09125 0.08571428571428572
1 0.7420833333333333 0.465 0.06625 0.1407142857142857
1 0.5633333333333334 0.45071428571428573 0.042916666666666665 0.2
1 0.51 0.4342857142857143 0.058333333333333334 0.1957142857142857
1 0.6625 0.3342857142857143 0.03916666666666667 0.14357142857142857