0 0.18833333333333332 0.062142857142857146 0.025833333333333333 0.047142857142857146
1 0.04416666666666667 0.5171428571428571 0.03625 0.155
1 0.15458333333333332 0.37714285714285717 0.02125 0.15571428571428572
1 0.28875 0.5064285714285715 0.03375 0.1757142857142857
1 0.43375 0.44571428571428573 0.012916666666666667 0.19214285714285714
1 0.2733333333333333 0.33214285714285713 0.027916666666666666 0.13357142857142856
1 0.305 0.31785714285714284 0.020416666666666666 0.145
1 0.6958333333333333 0.5042857142857143 0.0425 0.17857142857142858
1 0.7566666666666667 0.42 0.014583333333333334 0.14785714285714285
1 0.6070833333333333 0.38642857142857145 0.0375 0.15928571428571428
1 0.47833333333333333 0.5107142857142857 0.034166666666666665 0.19142857142857142
1 0.50125 0.4057142857142857 0.02375 0.15142857142857144
1 0.48541666666666666 0.32071428571428573 0.009166666666666667 0.12285714285714286