0 0.3283333333333333 0.10714285714285714 0.017916666666666668 0.05071428571428571
1 0.13375 0.5592857142857143 0.07166666666666667 0.19285714285714287
1 0.16458333333333333 0.41 0.04541666666666667 0.16714285714285715
1 0.23208333333333334 0.38785714285714284 0.04125 0.15928571428571428
1 0.31083333333333335 0.2835714285714286 0.03666666666666667 0.13214285714285715
1 0.31958333333333333 0.4157142857142857 0.05583333333333333 0.1707142857142857
1 0.3695833333333333 0.49214285714285716 0.05541666666666667 0.19428571428571428
1 0.48833333333333334 0.5114285714285715 0.03166666666666667 0.18642857142857142
1 0.6841666666666667 0.35214285714285715 0.03375 0.15571428571428572
1 0.7554166666666666 0.37714285714285717 0.02666666666666667 0.15214285714285714
1 0.7529166666666667 0.5492857142857143 0.04083333333333333 0.1792857142857143
1 0.4875 0.42142857142857143 0.04416666666666667 0.14142857142857143
1 0.4970833333333333 0.345 0.022916666666666665 0.15571428571428572