0 0.63875 0.009285714285714286 0.014166666666666666 0.018571428571428572
1 0.24666666666666667 0.4085714285714286 0.04125 0.17714285714285713
1 0.33916666666666667 0.3335714285714286 0.035 0.1357142857142857
1 0.415 0.525 0.04 0.20642857142857143
1 0.5145833333333333 0.54 0.057916666666666665 0.2292857142857143
1 0.57375 0.4235714285714286 0.045 0.18428571428571427
1 0.4845833333333333 0.32285714285714284 0.022083333333333333 0.13142857142857142
1 0.41875 0.2814285714285714 0.022083333333333333 0.10285714285714286
1 0.415 0.39 0.02625 0.09285714285714286
1 0.435 0.36714285714285716 0.025416666666666667 0.14142857142857143
1 0.6941666666666667 0.4857142857142857 0.057916666666666665 0.2042857142857143
1 0.6779166666666666 0.33071428571428574 0.05583333333333333 0.11571428571428571
1 0.7658333333333334 0.43642857142857144 0.0425 0.16714285714285715