1 0.8129166666666666 0.3057142857142857 0.023333333333333334 0.12642857142857142
0 0.82 0.19642857142857142 0.013333333333333334 0.03
1 0.12666666666666668 0.4542857142857143 0.050833333333333335 0.17714285714285713
1 0.17875 0.39071428571428574 0.032916666666666664 0.09857142857142857
1 0.20458333333333334 0.3364285714285714 0.035 0.12285714285714286
1 0.28875 0.49 0.050833333333333335 0.205
1 0.37833333333333335 0.5164285714285715 0.035416666666666666 0.1957142857142857
1 0.3958333333333333 0.4142857142857143 0.0225 0.15928571428571428
1 0.4891666666666667 0.4042857142857143 0.02375 0.1792857142857143
1 0.5091666666666667 0.37357142857142855 0.017916666666666668 0.18714285714285714
1 0.5520833333333334 0.4085714285714286 0.024166666666666666 0.16785714285714284
1 0.6745833333333333 0.43785714285714283 0.03958333333333333 0.13714285714285715
1 0.8054166666666667 0.45571428571428574 0.03625 0.15642857142857142