1 0.08375 0.3657142857142857 0.025833333333333333 0.11928571428571429
1 0.14083333333333334 0.3507142857142857 0.02375 0.12714285714285714
1 0.23833333333333334 0.4657142857142857 0.04958333333333333 0.2042857142857143
1 0.3025 0.46214285714285713 0.034166666666666665 0.215
1 0.36625 0.495 0.029166666666666667 0.19357142857142856
1 0.34958333333333336 0.43357142857142855 0.018333333333333333 0.1757142857142857
1 0.53875 0.47 0.02875 0.19785714285714287
1 0.5875 0.5014285714285714 0.028333333333333332 0.19
1 0.6016666666666667 0.48428571428571426 0.0225 0.16428571428571428
1 0.5575 0.4492857142857143 0.015 0.17714285714285713
1 0.575 0.4614285714285714 0.017916666666666668 0.18928571428571428