0 0.43416666666666665 0.18857142857142858 0.0175 0.03142857142857143
1 0.1225 0.5371428571428571 0.06625 0.19071428571428573
1 0.17291666666666666 0.4 0.0325 0.14714285714285713
1 0.2758333333333333 0.3357142857142857 0.03666666666666667 0.1407142857142857
1 0.335 0.30142857142857143 0.041666666666666664 0.11857142857142858
1 0.39208333333333334 0.35928571428571426 0.03 0.18785714285714286
1 0.43666666666666665 0.3628571428571429 0.0325 0.185
1 0.47541666666666665 0.36 0.03 0.19285714285714287
1 0.6233333333333333 0.355 0.032916666666666664 0.12928571428571428
1 0.67 0.5142857142857142 0.052083333333333336 0.1657142857142857
1 0.7583333333333333 0.4107142857142857 0.021666666666666667 0.14214285714285715