1 0.19083333333333333 0.3742857142857143 0.029583333333333333 0.15357142857142858
1 0.22458333333333333 0.4807142857142857 0.024583333333333332 0.18071428571428572
1 0.29083333333333333 0.35642857142857143 0.03125 0.12285714285714286
1 0.4008333333333333 0.48 0.028333333333333332 0.18214285714285713
1 0.425 0.375 0.021666666666666667 0.13
1 0.44208333333333333 0.305 0.016666666666666666 0.15857142857142856
1 0.4995833333333333 0.4057142857142857 0.029166666666666667 0.155
1 0.6 0.5285714285714286 0.049166666666666664 0.22142857142857142
1 0.56625 0.37857142857142856 0.03333333333333333 0.12
1 0.6641666666666667 0.33285714285714285 0.027916666666666666 0.125
1 0.7316666666666667 0.435 0.027916666666666666 0.15714285714285714
1 0.4875 0.2864285714285714 0.02875 0.13785714285714284
0 0.48833333333333334 0.23 0.015416666666666667 0.027857142857142858