1 0.13666666666666666 0.5 0.04083333333333333 0.19642857142857142
1 0.21208333333333335 0.375 0.04416666666666667 0.12642857142857142
1 0.28208333333333335 0.3414285714285714 0.03625 0.11642857142857142
1 0.5454166666666667 0.37642857142857145 0.06333333333333334 0.21285714285714286
1 0.63375 0.37714285714285717 0.024166666666666666 0.15357142857142858
1 0.6783333333333333 0.33 0.03375 0.09642857142857143
1 0.6791666666666667 0.5892857142857143 0.08375 0.16357142857142856
1 0.67625 0.46 0.04666666666666667 0.11785714285714285
0 0.5625 0.16214285714285714 0.024166666666666666 0.03785714285714286
1 0.4225 0.5064285714285715 0.042916666666666665 0.20714285714285716
1 0.43083333333333335 0.38857142857142857 0.024583333333333332 0.04642857142857143
1 0.4404166666666667 0.32785714285714285 0.025 0.06