1 0.8683333333333333 0.34214285714285714 0.030416666666666668 0.12642857142857142
1 0.7166666666666667 0.5014285714285714 0.042916666666666665 0.15714285714285714
1 0.6725 0.38642857142857145 0.05541666666666667 0.11
1 0.48375 0.4057142857142857 0.021666666666666667 0.14142857142857143
1 0.51625 0.36428571428571427 0.020416666666666666 0.145
1 0.3304166666666667 0.3342857142857143 0.03791666666666667 0.12214285714285714
1 0.4320833333333333 0.28285714285714286 0.034583333333333334 0.11285714285714285
1 0.47625 0.30428571428571427 0.025 0.07357142857142857
1 0.18458333333333332 0.34285714285714286 0.021666666666666667 0.13285714285714287
1 0.04416666666666667 0.495 0.03 0.155
1 0.13541666666666666 0.3992857142857143 0.030416666666666668 0.17285714285714285
0 0.8641666666666666 0.335 0.010833333333333334 0.025