0 0.8066666666666666 0.2571428571428571 0.018333333333333333 0.045714285714285714
1 0.85 0.38857142857142857 0.034583333333333334 0.17357142857142857
1 0.057916666666666665 0.44 0.04 0.15785714285714286
1 0.14458333333333334 0.5071428571428571 0.03333333333333333 0.18357142857142858
1 0.315 0.4307142857142857 0.035 0.18857142857142858
1 0.19041666666666668 0.39285714285714285 0.027083333333333334 0.1407142857142857
1 0.235 0.345 0.019583333333333335 0.15857142857142856
1 0.3975 0.43642857142857144 0.0275 0.16357142857142856
1 0.48583333333333334 0.4114285714285714 0.024583333333333332 0.1957142857142857
1 0.5095833333333334 0.4 0.017083333333333332 0.15071428571428572
1 0.52125 0.36357142857142855 0.01625 0.15285714285714286
1 0.63 0.43785714285714283 0.027916666666666666 0.17642857142857143
1 0.6675 0.4092857142857143 0.0275 0.15642857142857142