0 0.2654166666666667 0.11857142857142858 0.02 0.03642857142857143
1 0.06041666666666667 0.6392857142857142 0.04625 0.23
1 0.20333333333333334 0.5285714285714286 0.04666666666666667 0.19357142857142856
1 0.2791666666666667 0.415 0.03 0.18428571428571427
1 0.18708333333333332 0.3657142857142857 0.02875 0.15142857142857144
1 0.25666666666666665 0.2957142857142857 0.029583333333333333 0.12714285714285714
1 0.4370833333333333 0.46214285714285713 0.035833333333333335 0.17642857142857143
1 0.4895833333333333 0.47285714285714286 0.02625 0.18428571428571427
1 0.6295833333333334 0.5385714285714286 0.027083333333333334 0.21
1 0.6904166666666667 0.4042857142857143 0.03208333333333333 0.16642857142857143
1 0.6145833333333334 0.36357142857142855 0.02625 0.14
1 0.48333333333333334 0.30642857142857144 0.028333333333333332 0.09214285714285714