0 0.03125 0.295 0.0175 0.032857142857142856
1 0.13708333333333333 0.3514285714285714 0.025833333333333333 0.12642857142857142
1 0.28875 0.36428571428571427 0.03833333333333333 0.15785714285714286
1 0.37666666666666665 0.4207142857142857 0.034583333333333334 0.15857142857142856
1 0.49166666666666664 0.38857142857142857 0.023333333333333334 0.1707142857142857
1 0.40708333333333335 0.405 0.024583333333333332 0.18357142857142858
1 0.4345833333333333 0.40714285714285714 0.02 0.195
1 0.53625 0.3985714285714286 0.03125 0.12857142857142856
1 0.5933333333333334 0.325 0.02666666666666667 0.1392857142857143
1 0.6683333333333333 0.3607142857142857 0.050416666666666665 0.14857142857142858
1 0.74375 0.5207142857142857 0.04375 0.16857142857142857
1 0.7320833333333333 0.405 0.03666666666666667 0.1