0 0.64 0.0064285714285714285 0.021666666666666667 0.012857142857142857
1 0.5691666666666667 0.35 0.03208333333333333 0.15571428571428572
1 0.24916666666666668 0.33214285714285713 0.05583333333333333 0.15571428571428572
1 0.15208333333333332 0.49357142857142855 0.04416666666666667 0.19142857142857142
1 0.08083333333333333 0.4142857142857143 0.03333333333333333 0.11357142857142857
1 0.4375 0.5264285714285715 0.03125 0.18285714285714286
1 0.6129166666666667 0.565 0.03625 0.2007142857142857
1 0.5325 0.415 0.044583333333333336 0.16142857142857142
1 0.4166666666666667 0.3507142857142857 0.03166666666666667 0.07857142857142857
1 0.65125 0.4857142857142857 0.05 0.16428571428571428
1 0.6775 0.4185714285714286 0.0375 0.12214285714285714
1 0.7795833333333333 0.4392857142857143 0.056666666666666664 0.16714285714285715
1 0.41833333333333333 0.4657142857142857 0.022916666666666665 0.145