1 0.3575 0.42928571428571427 0.03791666666666667 0.17642857142857143
1 0.41541666666666666 0.39571428571428574 0.0375 0.16857142857142857
1 0.49833333333333335 0.4764285714285714 0.016666666666666666 0.20142857142857143
1 0.5629166666666666 0.34785714285714286 0.027083333333333334 0.16214285714285714
1 0.70125 0.48857142857142855 0.03333333333333333 0.16714285714285715
1 0.7033333333333334 0.3414285714285714 0.03875 0.07857142857142857
1 0.07541666666666667 0.5014285714285714 0.04625 0.19357142857142856
1 0.15583333333333332 0.3842857142857143 0.021666666666666667 0.19428571428571428
1 0.31916666666666665 0.315 0.021666666666666667 0.14857142857142858
1 0.34291666666666665 0.2642857142857143 0.020416666666666666 0.11
1 0.4825 0.37857142857142856 0.027916666666666666 0.15571428571428572
1 0.485 0.27285714285714285 0.0175 0.06142857142857143