0 0.7504166666666666 0.08785714285714286 0.009583333333333333 0.024285714285714285
1 0.12 0.49714285714285716 0.034166666666666665 0.19071428571428573
1 0.0925 0.43357142857142855 0.015416666666666667 0.15142857142857144
1 0.27166666666666667 0.3628571428571429 0.04666666666666667 0.14214285714285715
1 0.39208333333333334 0.39785714285714285 0.05541666666666667 0.1457142857142857
1 0.41291666666666665 0.5792857142857143 0.058333333333333334 0.21214285714285713
1 0.51875 0.7157142857142857 0.07541666666666667 0.24142857142857144
1 0.62125 0.5685714285714286 0.08041666666666666 0.19857142857142857
1 0.53 0.48142857142857143 0.0525 0.21214285714285713
1 0.765 0.4664285714285714 0.0425 0.19071428571428573
1 0.6791666666666667 0.3742857142857143 0.03916666666666667 0.1457142857142857
1 0.6183333333333333 0.4342857142857143 0.06 0.10642857142857143