0 0.45125 0.2357142857142857 0.020833333333333332 0.04357142857142857
1 0.12333333333333334 0.5414285714285715 0.07083333333333333 0.18214285714285713
1 0.145 0.4035714285714286 0.04666666666666667 0.12785714285714286
1 0.2633333333333333 0.37714285714285717 0.051666666666666666 0.12142857142857143
1 0.33916666666666667 0.36214285714285716 0.029583333333333333 0.14357142857142857
1 0.42583333333333334 0.5328571428571428 0.030416666666666668 0.24857142857142858
1 0.5045833333333334 0.6378571428571429 0.03791666666666667 0.245
1 0.5954166666666667 0.5957142857142858 0.05875 0.19357142857142856
1 0.59 0.485 0.06 0.10642857142857143
1 0.7225 0.4714285714285714 0.04791666666666667 0.15571428571428572
1 0.6204166666666666 0.36 0.03666666666666667 0.15
1 0.5125 0.4807142857142857 0.07208333333333333 0.19214285714285714
1 0.4320833333333333 0.3464285714285714 0.04 0.10714285714285714