1 0.7220833333333333 0.5171428571428571 0.05416666666666667 0.15071428571428572
0 0.6966666666666667 0.4542857142857143 0.015 0.03785714285714286
1 0.028333333333333332 0.47 0.03916666666666667 0.16214285714285714
1 0.12875 0.38 0.029166666666666667 0.14714285714285713
1 0.29833333333333334 0.34285714285714286 0.03333333333333333 0.14785714285714285
1 0.38958333333333334 0.49714285714285716 0.04 0.21928571428571428
1 0.43041666666666667 0.4085714285714286 0.022916666666666665 0.17714285714285713
1 0.5029166666666667 0.39714285714285713 0.027083333333333334 0.16857142857142857
1 0.5579166666666666 0.33071428571428574 0.037083333333333336 0.13142857142857142
1 0.6354166666666666 0.355 0.01875 0.13285714285714287
1 0.7116666666666667 0.365 0.03333333333333333 0.13357142857142856
1 0.7791666666666667 0.4714285714285714 0.04875 0.14285714285714285