1 0.20375 0.595 0.06208333333333333 0.2792857142857143
0 0.5075 0.2042857142857143 0.017083333333333332 0.03571428571428571
1 0.30833333333333335 0.3585714285714286 0.030833333333333334 0.12785714285714286
1 0.2629166666666667 0.28714285714285714 0.03625 0.11428571428571428
1 0.39625 0.2907142857142857 0.017083333333333332 0.09714285714285714
1 0.40708333333333335 0.4421428571428571 0.017083333333333332 0.165
1 0.4216666666666667 0.39785714285714285 0.014583333333333334 0.1492857142857143
1 0.49333333333333335 0.3757142857142857 0.03958333333333333 0.13142857142857142
1 0.5833333333333334 0.43 0.04708333333333333 0.1742857142857143
1 0.6870833333333334 0.5464285714285714 0.05125 0.21285714285714286
1 0.7270833333333333 0.4492857142857143 0.027916666666666666 0.16
1 0.6783333333333333 0.38 0.037083333333333336 0.11571428571428571
1 0.6345833333333334 0.32785714285714285 0.04041666666666666 0.125