1 0.41 0.2885714285714286 0.035833333333333335 0.1707142857142857
0 0.4125 0.21642857142857144 0.01625 0.03214285714285714
1 0.2791666666666667 0.5535714285714286 0.07833333333333334 0.22642857142857142
1 0.23416666666666666 0.4014285714285714 0.03958333333333333 0.15571428571428572
1 0.2991666666666667 0.35428571428571426 0.0575 0.12142857142857143
1 0.37125 0.30428571428571427 0.0475 0.11357142857142857
1 0.40375 0.42857142857142855 0.06041666666666667 0.15214285714285714
1 0.5275 0.5178571428571429 0.05416666666666667 0.21142857142857144
1 0.715 0.5135714285714286 0.03875 0.15428571428571428
1 0.7554166666666666 0.40214285714285714 0.03958333333333333 0.14857142857142858
1 0.68 0.35928571428571426 0.03916666666666667 0.11785714285714285
1 0.4766666666666667 0.345 0.025416666666666667 0.24142857142857144