0 0.6966666666666667 0.59 0.022083333333333333 0.047857142857142855
1 0.06625 0.5392857142857143 0.06458333333333334 0.17357142857142857
1 0.19 0.36857142857142855 0.029583333333333333 0.12642857142857142
1 0.2554166666666667 0.37357142857142855 0.030833333333333334 0.14714285714285713
1 0.41208333333333336 0.3842857142857143 0.034166666666666665 0.09571428571428571
1 0.4345833333333333 0.5292857142857142 0.03875 0.195
1 0.50875 0.445 0.03666666666666667 0.16142857142857142
1 0.4920833333333333 0.5778571428571428 0.04125 0.1742857142857143
1 0.6029166666666667 0.5514285714285714 0.03875 0.1742857142857143
1 0.5920833333333333 0.39571428571428574 0.03666666666666667 0.13785714285714284
1 0.6341666666666667 0.3657142857142857 0.030416666666666668 0.16357142857142856
1 0.71625 0.42928571428571427 0.05 0.19357142857142856