1 0.12125 0.4 0.035 0.15642857142857142
1 0.685 0.5828571428571429 0.04958333333333333 0.16785714285714284
1 0.5008333333333334 0.57 0.03958333333333333 0.18
1 0.39875 0.42 0.03125 0.14857142857142858
1 0.43166666666666664 0.39071428571428574 0.025416666666666667 0.13357142857142856
1 0.18583333333333332 0.32142857142857145 0.03208333333333333 0.12357142857142857
1 0.7570833333333333 0.475 0.02666666666666667 0.15714285714285714
1 0.7183333333333334 0.36142857142857143 0.0225 0.12071428571428572
1 0.7595833333333334 0.32285714285714284 0.02375 0.08357142857142857
1 0.38458333333333333 0.3357142857142857 0.02375 0.07285714285714286
1 0.7625 0.37785714285714284 0.020833333333333332 0.04428571428571428