0 0.5945833333333334 0.34 0.011666666666666667 0.02857142857142857
1 0.285 0.47 0.034166666666666665 0.18071428571428572
1 0.34375 0.35714285714285715 0.04833333333333333 0.12857142857142856
1 0.3983333333333333 0.32285714285714284 0.03333333333333333 0.14214285714285715
1 0.26875 0.37142857142857144 0.035416666666666666 0.13428571428571429
1 0.37833333333333335 0.5207142857142857 0.045 0.18428571428571427
1 0.3954166666666667 0.44785714285714284 0.035 0.16357142857142856
1 0.4870833333333333 0.4492857142857143 0.055 0.20642857142857143
1 0.5258333333333334 0.3464285714285714 0.034583333333333334 0.165
1 0.5970833333333333 0.5342857142857143 0.04541666666666667 0.255
1 0.6895833333333333 0.38571428571428573 0.04125 0.09571428571428571
1 0.7308333333333333 0.4764285714285714 0.035 0.18857142857142858
1 0.7604166666666666 0.3992857142857143 0.03833333333333333 0.1492857142857143