0 0.35375 0.37142857142857144 0.019166666666666665 0.03785714285714286
1 0.14958333333333335 0.485 0.05416666666666667 0.2
1 0.115 0.6578571428571428 0.07791666666666666 0.22714285714285715
0 0.07833333333333334 0.7121428571428572 0.025833333333333333 0.04428571428571428
1 0.19041666666666668 0.3871428571428571 0.041666666666666664 0.14785714285714285
1 0.2175 0.3442857142857143 0.051666666666666666 0.1407142857142857
1 0.67125 0.35214285714285715 0.04 0.12428571428571429
1 0.7575 0.4257142857142857 0.04041666666666666 0.1
1 0.7666666666666667 0.48714285714285716 0.027916666666666666 0.18714285714285714
1 0.82875 0.49785714285714283 0.058333333333333334 0.22142857142857142
1 0.5254166666666666 0.2807142857142857 0.03208333333333333 0.12
0 0.5470833333333334 0.27285714285714285 0.015416666666666667 0.03142857142857143
1 0.13708333333333333 0.2978571428571429 0.04416666666666667 0.11785714285714285
1 0.9225 0.41928571428571426 0.03916666666666667 0.1392857142857143
1 0.855 0.4092857142857143 0.034583333333333334 0.15357142857142858
1 0.88375 0.3578571428571429 0.025416666666666667 0.11785714285714285
0 0.8745833333333334 0.33785714285714286 0.0075 0.019285714285714285
0 0.9075 0.4592857142857143 0.010416666666666666 0.022857142857142857
0 0.89625 0.37642857142857145 0.007916666666666667 0.017857142857142856
1 0.91 0.36357142857142855 0.018333333333333333 0.10857142857142857