1 0.5466666666666666 0.5792857142857143 0.04791666666666667 0.1992857142857143
1 0.6658333333333334 0.5692857142857143 0.041666666666666664 0.21928571428571428
1 0.3754166666666667 0.39071428571428574 0.03166666666666667 0.19214285714285714
1 0.42 0.415 0.029166666666666667 0.15214285714285714
1 0.12375 0.3607142857142857 0.04083333333333333 0.145
1 0.70625 0.36 0.03625 0.11857142857142858
1 0.2891666666666667 0.3807142857142857 0.04625 0.17785714285714285
1 0.4404166666666667 0.4007142857142857 0.023333333333333334 0.15785714285714286
1 0.7583333333333333 0.34 0.030416666666666668 0.10285714285714286
1 0.7354166666666667 0.5278571428571428 0.024166666666666666 0.2007142857142857
1 0.7558333333333334 0.46214285714285713 0.03875 0.11857142857142858