1 0.5654166666666667 0.4685714285714286 0.06125 0.2914285714285714
0 0.5654166666666667 0.33071428571428574 0.02875 0.05714285714285714
1 0.04375 0.45071428571428573 0.035416666666666666 0.1457142857142857
1 0.11666666666666667 0.5314285714285715 0.05125 0.19642857142857142
1 0.235 0.3535714285714286 0.041666666666666664 0.13285714285714287
1 0.36541666666666667 0.3914285714285714 0.04541666666666667 0.16285714285714287
1 0.4241666666666667 0.505 0.027083333333333334 0.22214285714285714
1 0.4275 0.43714285714285717 0.03125 0.21428571428571427
1 0.5058333333333334 0.4928571428571429 0.037083333333333336 0.21428571428571427
1 0.7258333333333333 0.4764285714285714 0.030833333333333334 0.20142857142857143
1 0.6554166666666666 0.3678571428571429 0.04 0.16142857142857142
1 0.6145833333333334 0.5242857142857142 0.015416666666666667 0.18214285714285713