1 0.24833333333333332 0.28714285714285714 0.03666666666666667 0.12928571428571428
0 0.24916666666666668 0.225 0.0175 0.037142857142857144
1 0.11541666666666667 0.6235714285714286 0.05583333333333333 0.23142857142857143
1 0.19041666666666668 0.39714285714285713 0.05291666666666667 0.15857142857142856
1 0.11583333333333333 0.445 0.035416666666666666 0.1442857142857143
1 0.30375 0.37357142857142855 0.04375 0.15357142857142858
1 0.43583333333333335 0.4342857142857143 0.04125 0.19642857142857142
1 0.47833333333333333 0.43642857142857144 0.029583333333333333 0.18785714285714286
1 0.49666666666666665 0.39357142857142857 0.0275 0.17
1 0.5283333333333333 0.3057142857142857 0.028333333333333332 0.1357142857142857
1 0.62625 0.29714285714285715 0.03 0.11285714285714285
1 0.66 0.4542857142857143 0.0375 0.15
1 0.69 0.375 0.035 0.14714285714285713