1 0.5025 0.5928571428571429 0.04875 0.19714285714285715
1 0.48041666666666666 0.37714285714285717 0.0275 0.11928571428571429
1 0.625 0.5185714285714286 0.03208333333333333 0.2007142857142857
1 0.685 0.45357142857142857 0.04083333333333333 0.16428571428571428
1 0.6458333333333334 0.3657142857142857 0.02 0.15642857142857142
1 0.5595833333333333 0.3985714285714286 0.019583333333333335 0.17142857142857143
1 0.37833333333333335 0.41214285714285714 0.03208333333333333 0.19357142857142856
1 0.15375 0.5485714285714286 0.05 0.24214285714285713
1 0.06708333333333333 0.4585714285714286 0.04083333333333333 0.16214285714285714
1 0.265 0.3464285714285714 0.03875 0.1457142857142857
1 0.41541666666666666 0.62 0.05 0.2664285714285714