0 0.67 0.23285714285714285 0.023333333333333334 0.04857142857142857
1 0.14 0.43714285714285717 0.034166666666666665 0.1792857142857143
1 0.18875 0.495 0.02625 0.19142857142857142
1 0.28208333333333335 0.3435714285714286 0.04 0.12857142857142856
1 0.4166666666666667 0.485 0.050416666666666665 0.17857142857142858
1 0.5125 0.3985714285714286 0.05333333333333334 0.14285714285714285
1 0.6508333333333334 0.4142857142857143 0.050416666666666665 0.18142857142857144
1 0.5708333333333333 0.31285714285714283 0.04083333333333333 0.11142857142857143
1 0.72375 0.5 0.050416666666666665 0.18214285714285713
1 0.7858333333333334 0.4657142857142857 0.030833333333333334 0.14357142857142857
1 0.75625 0.3757142857142857 0.0325 0.10714285714285714
1 0.4216666666666667 0.3992857142857143 0.03 0.155
1 0.4395833333333333 0.375 0.024583333333333332 0.15642857142857142