0 0.6029166666666667 0.065 0.020833333333333332 0.041428571428571426
1 0.64125 0.49714285714285716 0.04083333333333333 0.21928571428571428
1 0.18041666666666667 0.46285714285714286 0.034583333333333334 0.17857142857142858
1 0.14416666666666667 0.3792857142857143 0.029166666666666667 0.14142857142857143
1 0.30833333333333335 0.31642857142857145 0.029166666666666667 0.15142857142857144
1 0.4191666666666667 0.4707142857142857 0.032916666666666664 0.1757142857142857
1 0.7395833333333334 0.415 0.0325 0.16714285714285715
1 0.5779166666666666 0.35642857142857143 0.024166666666666666 0.15428571428571428
1 0.6091666666666666 0.4085714285714286 0.028333333333333332 0.14857142857142858
1 0.65625 0.345 0.034166666666666665 0.14285714285714285
1 0.6045833333333334 0.28714285714285714 0.03208333333333333 0.105
1 0.42041666666666666 0.36214285714285716 0.028333333333333332 0.11642857142857142
1 0.43333333333333335 0.3007142857142857 0.022916666666666665 0.08714285714285715