1 0.675 0.5135714285714286 0.03958333333333333 0.12928571428571428
1 0.49125 0.5814285714285714 0.0475 0.18
1 0.735 0.49857142857142855 0.025 0.20214285714285715
1 0.7641666666666667 0.43214285714285716 0.032916666666666664 0.1457142857142857
1 0.27125 0.3742857142857143 0.03208333333333333 0.14714285714285713
1 0.16375 0.31857142857142856 0.03 0.13214285714285715
1 0.39 0.37357142857142855 0.016666666666666666 0.16285714285714287
1 0.4083333333333333 0.40785714285714286 0.011666666666666667 0.1757142857142857
1 0.43625 0.40785714285714286 0.01875 0.15714285714285714
1 0.71375 0.3707142857142857 0.03875 0.10571428571428572
1 0.7516666666666667 0.31142857142857144 0.01875 0.06142857142857143