0 0.165 0.26571428571428574 0.019166666666666665 0.035
1 0.20375 0.4607142857142857 0.042083333333333334 0.17357142857142857
1 0.16625 0.4014285714285714 0.028333333333333332 0.1407142857142857
1 0.2604166666666667 0.32 0.03833333333333333 0.13214285714285715
1 0.395 0.4257142857142857 0.0675 0.15214285714285714
1 0.5320833333333334 0.5385714285714286 0.0575 0.21357142857142858
1 0.7004166666666667 0.46 0.045 0.19142857142857142
1 0.6229166666666667 0.3657142857142857 0.0375 0.15428571428571428
1 0.4979166666666667 0.39785714285714285 0.04375 0.1792857142857143
1 0.5241666666666667 0.33285714285714285 0.024166666666666666 0.12428571428571429
1 0.4266666666666667 0.3078571428571429 0.023333333333333334 0.10285714285714286
1 0.44708333333333333 0.32071428571428573 0.0175 0.13
1 0.47791666666666666 0.31 0.030416666666666668 0.13214285714285715