1 0.5558333333333333 0.5414285714285715 0.07583333333333334 0.21
0 0.58125 0.4521428571428571 0.02 0.04428571428571428
1 0.15916666666666668 0.40285714285714286 0.03916666666666667 0.15714285714285714
1 0.21916666666666668 0.4807142857142857 0.06333333333333334 0.19642857142857142
1 0.33 0.3628571428571429 0.04625 0.12928571428571428
1 0.40708333333333335 0.5735714285714286 0.03791666666666667 0.21428571428571427
1 0.7529166666666667 0.7228571428571429 0.05875 0.24285714285714285
1 0.615 0.4442857142857143 0.05333333333333334 0.19714285714285715
1 0.6925 0.30642857142857144 0.04 0.115
1 0.43083333333333335 0.345 0.03916666666666667 0.13642857142857143
1 0.42291666666666666 0.4407142857142857 0.034166666666666665 0.1492857142857143
1 0.7758333333333334 0.4907142857142857 0.034583333333333334 0.16357142857142856
1 0.7529166666666667 0.395 0.03208333333333333 0.12928571428571428