0 0.30833333333333335 0.3485714285714286 0.014166666666666666 0.04071428571428572
1 0.18125 0.5021428571428571 0.04541666666666667 0.15642857142857142
1 0.14833333333333334 0.42214285714285715 0.020833333333333332 0.11571428571428571
1 0.24708333333333332 0.3757142857142857 0.030833333333333334 0.08857142857142856
1 0.40875 0.5507142857142857 0.05 0.18857142857142858
1 0.5595833333333333 0.6107142857142858 0.08291666666666667 0.18928571428571428
1 0.48541666666666666 0.4521428571428571 0.035416666666666666 0.17285714285714285
1 0.5183333333333333 0.43 0.0225 0.17714285714285713
1 0.57 0.33214285714285713 0.02666666666666667 0.12
1 0.6654166666666667 0.48857142857142855 0.022916666666666665 0.18285714285714286
1 0.79875 0.6242857142857143 0.07625 0.10928571428571429
1 0.4320833333333333 0.42928571428571427 0.0325 0.20142857142857143
1 0.42291666666666666 0.36857142857142855 0.02875 0.13714285714285715