1 0.25 0.39285714285714285 0.03875 0.165
1 0.27875 0.37214285714285716 0.041666666666666664 0.1692857142857143
1 0.3883333333333333 0.42 0.03666666666666667 0.15857142857142856
1 0.3725 0.37642857142857145 0.02875 0.15642857142857142
1 0.4275 0.4035714285714286 0.034166666666666665 0.21785714285714286
1 0.49166666666666664 0.38642857142857145 0.037083333333333336 0.17857142857142858
1 0.535 0.37285714285714283 0.022916666666666665 0.1757142857142857
1 0.5854166666666667 0.3628571428571429 0.04041666666666666 0.17357142857142857
1 0.6829166666666666 0.365 0.027083333333333334 0.14642857142857144
1 0.7308333333333333 0.48928571428571427 0.03958333333333333 0.205
1 0.7570833333333333 0.44642857142857145 0.05 0.15071428571428572