0 0.5145833333333333 0.3892857142857143 0.020416666666666666 0.04642857142857143
0 0.48625 0.34785714285714286 0.01875 0.032857142857142856
1 0.79125 0.5164285714285715 0.025 0.21785714285714286
1 0.755 0.3992857142857143 0.035416666666666666 0.16357142857142856
1 0.22625 0.3335714285714286 0.050833333333333335 0.15714285714285714
1 0.14625 0.4592857142857143 0.04666666666666667 0.19142857142857142
1 0.06708333333333333 0.5814285714285714 0.05291666666666667 0.2357142857142857
1 0.08416666666666667 0.3942857142857143 0.04791666666666667 0.15857142857142856
1 0.9445833333333333 0.5857142857142857 0.03958333333333333 0.21214285714285713
1 0.85625 0.3892857142857143 0.04041666666666666 0.17142857142857143
1 0.6845833333333333 0.37857142857142856 0.03 0.16785714285714284
1 0.13166666666666665 0.695 0.07541666666666667 0.24714285714285714
1 0.18208333333333335 0.39357142857142857 0.0325 0.14714285714285713
1 0.17583333333333334 0.30642857142857144 0.01625 0.125
1 0.022916666666666665 0.37714285714285717 0.025 0.13857142857142857
0 0.018333333333333333 0.355 0.007083333333333333 0.02142857142857143