1 0.8204166666666667 0.4835714285714286 0.0425 0.1457142857142857
1 0.7579166666666667 0.5364285714285715 0.03375 0.15714285714285714
1 0.28541666666666665 0.32857142857142857 0.035 0.11071428571428571
1 0.10125 0.4878571428571429 0.04041666666666666 0.16428571428571428
1 0.09666666666666666 0.3821428571428571 0.03125 0.06
1 0.42 0.4807142857142857 0.03 0.19642857142857142
1 0.53375 0.39785714285714285 0.05 0.16357142857142856
1 0.6579166666666667 0.4907142857142857 0.07291666666666667 0.20714285714285716
1 0.7095833333333333 0.3192857142857143 0.027916666666666666 0.10928571428571429
1 0.7475 0.3985714285714286 0.03125 0.10571428571428572
1 0.4354166666666667 0.3414285714285714 0.034583333333333334 0.10857142857142857