0 0.09541666666666666 0.3028571428571429 0.010416666666666666 0.03571428571428571
1 0.008333333333333333 0.5178571428571429 0.01625 0.1492857142857143
1 0.16833333333333333 0.3557142857142857 0.0325 0.14714285714285713
1 0.30416666666666664 0.36 0.03916666666666667 0.16285714285714287
1 0.3908333333333333 0.4235714285714286 0.02375 0.17142857142857143
1 0.5083333333333333 0.38142857142857145 0.04375 0.15642857142857142
1 0.4345833333333333 0.4042857142857143 0.018333333333333333 0.1792857142857143
1 0.6275 0.3514285714285714 0.03166666666666667 0.13642857142857143
1 0.6933333333333334 0.3742857142857143 0.04708333333333333 0.16785714285714284
1 0.8075 0.4007142857142857 0.027083333333333334 0.14857142857142858
1 0.7445833333333334 0.425 0.03833333333333333 0.10571428571428572
1 0.74 0.5392857142857143 0.04791666666666667 0.1492857142857143