1 0.36041666666666666 0.32785714285714285 0.022083333333333333 0.125
0 0.36291666666666667 0.30857142857142855 0.02375 0.04357142857142857
1 0.17375 0.49642857142857144 0.04125 0.19857142857142857
1 0.34625 0.5228571428571429 0.06791666666666667 0.2842857142857143
1 0.24041666666666667 0.51 0.027916666666666666 0.2292857142857143
1 0.21208333333333335 0.405 0.02125 0.125
1 0.39916666666666667 0.48428571428571426 0.049166666666666664 0.17357142857142857
1 0.4775 0.5078571428571429 0.02875 0.25857142857142856
1 0.5258333333333334 0.37285714285714283 0.03833333333333333 0.165
1 0.65125 0.3392857142857143 0.04083333333333333 0.11785714285714285
1 0.7679166666666667 0.3942857142857143 0.04583333333333333 0.11285714285714285
1 0.7341666666666666 0.5371428571428571 0.04541666666666667 0.18785714285714286