0 0.46791666666666665 0.23 0.027916666666666666 0.047142857142857146
1 0.15333333333333332 0.4707142857142857 0.04083333333333333 0.20357142857142857
1 0.07375 0.4057142857142857 0.03625 0.155
1 0.2975 0.3392857142857143 0.0225 0.14142857142857143
1 0.4091666666666667 0.455 0.023333333333333334 0.1757142857142857
1 0.43416666666666665 0.4278571428571429 0.0175 0.16285714285714287
1 0.5175 0.37214285714285716 0.045 0.15071428571428572
1 0.69125 0.3607142857142857 0.024166666666666666 0.12785714285714286
1 0.6766666666666666 0.5392857142857143 0.017916666666666668 0.205
1 0.71625 0.4692857142857143 0.03958333333333333 0.15071428571428572
1 0.7620833333333333 0.5142857142857142 0.04 0.19428571428571428
1 0.8295833333333333 0.4207142857142857 0.03833333333333333 0.1492857142857143