0 0.58375 0.07285714285714286 0.012916666666666667 0.02642857142857143
1 0.15958333333333333 0.4542857142857143 0.04041666666666666 0.17714285714285713
1 0.20583333333333334 0.3535714285714286 0.03125 0.13285714285714287
1 0.3275 0.49857142857142855 0.04833333333333333 0.20285714285714285
1 0.41583333333333333 0.4357142857142857 0.041666666666666664 0.18928571428571428
1 0.35583333333333333 0.39 0.029583333333333333 0.14642857142857144
1 0.34041666666666665 0.2892857142857143 0.032916666666666664 0.10357142857142858
1 0.4975 0.38142857142857145 0.03916666666666667 0.17857142857142858
1 0.5733333333333334 0.5064285714285715 0.055 0.22142857142857142
1 0.65625 0.44357142857142856 0.03958333333333333 0.18928571428571428
1 0.58125 0.285 0.028333333333333332 0.11785714285714285
1 0.64875 0.315 0.025 0.12285714285714286