1 0.34458333333333335 0.29428571428571426 0.027916666666666666 0.13285714285714287
1 0.21666666666666667 0.46 0.03208333333333333 0.18642857142857142
1 0.12833333333333333 0.4007142857142857 0.04 0.14714285714285713
1 0.28041666666666665 0.3492857142857143 0.04875 0.125
1 0.37666666666666665 0.42 0.02625 0.14142857142857143
1 0.7295833333333334 0.5042857142857143 0.04583333333333333 0.15785714285714286
1 0.7770833333333333 0.42 0.029166666666666667 0.135
1 0.7154166666666667 0.34 0.03958333333333333 0.10642857142857143
1 0.5141666666666667 0.40214285714285714 0.044583333333333336 0.14857142857142858
1 0.49416666666666664 0.3392857142857143 0.030416666666666668 0.11428571428571428
1 0.47833333333333333 0.31214285714285717 0.014166666666666666 0.10357142857142858