0 0.3383333333333333 0.17857142857142858 0.020416666666666666 0.045714285714285714
1 0.0475 0.5657142857142857 0.03125 0.18357142857142858
1 0.12583333333333332 0.39785714285714285 0.032916666666666664 0.16357142857142856
1 0.19416666666666665 0.3457142857142857 0.028333333333333332 0.135
1 0.29541666666666666 0.3007142857142857 0.027083333333333334 0.13
1 0.3595833333333333 0.39571428571428574 0.042916666666666665 0.18714285714285714
1 0.3858333333333333 0.37 0.023333333333333334 0.14642857142857144
1 0.48541666666666666 0.4785714285714286 0.0275 0.1692857142857143
1 0.6933333333333334 0.49785714285714283 0.028333333333333332 0.165
1 0.6833333333333333 0.3078571428571429 0.028333333333333332 0.1
1 0.7808333333333334 0.4085714285714286 0.027916666666666666 0.13857142857142857
1 0.4895833333333333 0.3657142857142857 0.022916666666666665 0.115
1 0.47833333333333333 0.2885714285714286 0.025833333333333333 0.05285714285714286