0 0.205 0.275 0.013333333333333334 0.025714285714285714
1 0.18541666666666667 0.3535714285714286 0.028333333333333332 0.13142857142857142
1 0.16541666666666666 0.5592857142857143 0.051666666666666666 0.20642857142857143
1 0.15833333333333333 0.43142857142857144 0.025416666666666667 0.09857142857142857
1 0.3304166666666667 0.3442857142857143 0.029166666666666667 0.13642857142857143
1 0.4075 0.42428571428571427 0.044583333333333336 0.18071428571428572
1 0.48541666666666666 0.39285714285714285 0.025833333333333333 0.16357142857142856
1 0.5116666666666667 0.37214285714285716 0.02375 0.15642857142857142
1 0.495 0.3157142857142857 0.013333333333333334 0.10142857142857142
1 0.7170833333333333 0.4735714285714286 0.02875 0.15071428571428572
1 0.7783333333333333 0.4342857142857143 0.03125 0.15142857142857144
1 0.7670833333333333 0.35428571428571426 0.030416666666666668 0.12571428571428572