1 0.40958333333333335 0.41285714285714287 0.052083333333333336 0.18857142857142858
1 0.30916666666666665 0.35928571428571426 0.032916666666666664 0.15928571428571428
1 0.20208333333333334 0.3507142857142857 0.03208333333333333 0.14214285714285715
1 0.14708333333333334 0.385 0.04083333333333333 0.1407142857142857
1 0.0875 0.48928571428571427 0.04416666666666667 0.19357142857142856
1 0.019583333333333335 0.5807142857142857 0.03875 0.22214285714285714
1 0.4825 0.425 0.015416666666666667 0.15214285714285714
1 0.6695833333333333 0.37142857142857144 0.024166666666666666 0.12357142857142857
1 0.49166666666666664 0.34 0.017083333333333332 0.09071428571428572
1 0.4816666666666667 0.29 0.01375 0.04071428571428572
1 0.7179166666666666 0.48714285714285716 0.0275 0.17285714285714285
1 0.75375 0.3742857142857143 0.029583333333333333 0.16071428571428573