1 0.4270833333333333 0.41285714285714287 0.04083333333333333 0.17714285714285713
1 0.48541666666666666 0.3985714285714286 0.03833333333333333 0.18
1 0.5404166666666667 0.4007142857142857 0.03333333333333333 0.17142857142857143
1 0.5841666666666666 0.3485714285714286 0.035 0.16428571428571428
1 0.6545833333333333 0.36142857142857143 0.035416666666666666 0.1757142857142857
1 0.7345833333333334 0.5021428571428571 0.025833333333333333 0.20642857142857143
1 0.7566666666666667 0.44857142857142857 0.04416666666666667 0.14214285714285715
1 0.24666666666666667 0.38357142857142856 0.024583333333333332 0.155
1 0.2654166666666667 0.3607142857142857 0.035416666666666666 0.15142857142857144
1 0.3904166666666667 0.42714285714285716 0.032916666666666664 0.2007142857142857
1 0.92875 0.7914285714285715 0.08291666666666667 0.23
1 0.007083333333333333 0.455 0.01375 0.045714285714285714
0 0.010833333333333334 0.4164285714285714 0.00875 0.02214285714285714