0 0.64625 0.22142857142857142 0.021666666666666667 0.05357142857142857
1 0.12208333333333334 0.5178571428571429 0.057916666666666665 0.235
1 0.17083333333333334 0.3892857142857143 0.03333333333333333 0.15285714285714286
1 0.30833333333333335 0.3578571428571429 0.03625 0.15142857142857144
1 0.415 0.5621428571428572 0.032916666666666664 0.2342857142857143
1 0.42041666666666666 0.3414285714285714 0.04541666666666667 0.14357142857142857
1 0.4220833333333333 0.4407142857142857 0.034166666666666665 0.13642857142857143
1 0.5179166666666667 0.4785714285714286 0.03 0.22214285714285714
1 0.57 0.4542857142857143 0.04541666666666667 0.22642857142857142
1 0.66625 0.5257142857142857 0.0525 0.20142857142857143
1 0.7891666666666667 0.6907142857142857 0.04625 0.2257142857142857
1 0.735 0.4514285714285714 0.049166666666666664 0.165
1 0.6895833333333333 0.3078571428571429 0.019583333333333335 0.12142857142857143