1 0.9066666666666666 0.36857142857142855 0.029166666666666667 0.11071428571428571
1 0.8075 0.45357142857142857 0.04958333333333333 0.16357142857142856
1 0.7133333333333334 0.44785714285714284 0.0375 0.13214285714285715
1 0.4825 0.375 0.030416666666666668 0.18071428571428572
1 0.5054166666666666 0.3414285714285714 0.017916666666666668 0.18357142857142858
1 0.5333333333333333 0.3842857142857143 0.027916666666666666 0.15428571428571428
1 0.30083333333333334 0.5285714285714286 0.07333333333333333 0.1757142857142857
1 0.3145833333333333 0.37142857142857144 0.03791666666666667 0.12428571428571429
1 0.3466666666666667 0.33071428571428574 0.035833333333333335 0.11357142857142857
1 0.1225 0.3942857142857143 0.02666666666666667 0.15214285714285714
1 0.16916666666666666 0.34714285714285714 0.0325 0.11714285714285715
1 0.03333333333333333 0.4992857142857143 0.04041666666666666 0.1692857142857143
0 0.8991666666666667 0.37285714285714283 0.008333333333333333 0.016428571428571428