0 0.37916666666666665 0.35285714285714287 0.009166666666666667 0.022857142857142857
1 0.2654166666666667 0.3985714285714286 0.04541666666666667 0.135
1 0.11 0.4692857142857143 0.04375 0.14142857142857143
1 0.2025 0.5228571428571429 0.08791666666666667 0.13285714285714287
1 0.385 0.5278571428571428 0.06958333333333333 0.19142857142857142
1 0.44208333333333333 0.4085714285714286 0.030416666666666668 0.15785714285714286
1 0.48375 0.44857142857142857 0.03916666666666667 0.16142857142857142
1 0.5329166666666667 0.5957142857142858 0.03958333333333333 0.22857142857142856
1 0.5616666666666666 0.4928571428571429 0.020833333333333332 0.13785714285714284
1 0.6125 0.405 0.024583333333333332 0.17714285714285713
1 0.5433333333333333 0.3807142857142857 0.024583333333333332 0.1357142857142857
1 0.5658333333333333 0.3342857142857143 0.015833333333333335 0.13428571428571429
1 0.4225 0.33214285714285713 0.022083333333333333 0.12357142857142857