0 0.5354166666666667 0.03428571428571429 0.010833333333333334 0.02214285714285714
1 0.18666666666666668 0.44 0.05375 0.175
1 0.23375 0.3171428571428571 0.035833333333333335 0.12714285714285714
1 0.38166666666666665 0.3092857142857143 0.017916666666666668 0.12785714285714286
1 0.36291666666666667 0.43857142857142856 0.04 0.18142857142857144
1 0.4 0.47785714285714287 0.04 0.18071428571428572
1 0.4895833333333333 0.39 0.052083333333333336 0.16071428571428573
1 0.41375 0.3757142857142857 0.030416666666666668 0.13785714285714284
1 0.5379166666666667 0.2935714285714286 0.04 0.11928571428571429
1 0.71125 0.3464285714285714 0.030833333333333334 0.125
1 0.66875 0.4521428571428571 0.04416666666666667 0.18571428571428572
1 0.6216666666666667 0.5571428571428572 0.03916666666666667 0.225