1 0.64875 0.4357142857142857 0.035833333333333335 0.15785714285714286
1 0.29333333333333333 0.37785714285714284 0.024166666666666666 0.155
1 0.32666666666666666 0.38642857142857145 0.030833333333333334 0.145
1 0.69875 0.4542857142857143 0.042916666666666665 0.16
1 0.16666666666666666 0.44571428571428573 0.0775 0.18928571428571428
1 0.5825 0.45071428571428573 0.03916666666666667 0.17785714285714285
1 0.60125 0.42142857142857143 0.0275 0.13857142857142857
1 0.24708333333333332 0.3942857142857143 0.0275 0.16357142857142856
1 0.27458333333333335 0.40714285714285714 0.03 0.16642857142857143
1 0.6966666666666667 0.3221428571428571 0.03166666666666667 0.08357142857142857
0 0.6145833333333334 0.3914285714285714 0.010416666666666666 0.022857142857142857