1 0.5470833333333334 0.35928571428571426 0.0475 0.1707142857142857
0 0.56 0.2835714285714286 0.0175 0.04285714285714286
1 0.195 0.5285714285714286 0.06125 0.155
1 0.17125 0.405 0.041666666666666664 0.13428571428571429
1 0.2633333333333333 0.3435714285714286 0.035416666666666666 0.14642857142857144
1 0.4225 0.5185714285714286 0.05708333333333333 0.20357142857142857
1 0.5729166666666666 0.43142857142857144 0.0525 0.1742857142857143
1 0.62 0.2907142857142857 0.035 0.10357142857142858
1 0.7304166666666667 0.6035714285714285 0.0375 0.22214285714285714
1 0.6916666666666667 0.4514285714285714 0.04125 0.17714285714285713
1 0.68625 0.3578571428571429 0.028333333333333332 0.12285714285714286
1 0.42791666666666667 0.4035714285714286 0.03958333333333333 0.10214285714285715
1 0.43125 0.32857142857142857 0.03625 0.07714285714285714