1 0.13333333333333333 0.45071428571428573 0.034166666666666665 0.17
0 0.16 0.3807142857142857 0.015833333333333335 0.039285714285714285
1 0.03958333333333333 0.47928571428571426 0.03791666666666667 0.18785714285714286
1 0.23291666666666666 0.33071428571428574 0.02875 0.15214285714285714
1 0.185 0.4142857142857143 0.03625 0.15571428571428572
1 0.29625 0.3892857142857143 0.04375 0.15785714285714286
1 0.425 0.44357142857142856 0.042916666666666665 0.18714285714285714
1 0.485 0.4085714285714286 0.02375 0.175
1 0.5129166666666667 0.4257142857142857 0.022916666666666665 0.15214285714285714
1 0.61625 0.38357142857142856 0.027916666666666666 0.15
1 0.67375 0.40714285714285714 0.034166666666666665 0.16142857142857142
1 0.8145833333333333 0.42 0.023333333333333334 0.15714285714285714
1 0.5204166666666666 0.3221428571428571 0.023333333333333334 0.07357142857142857