1 0.25708333333333333 0.38857142857142857 0.02875 0.11
1 0.60625 0.49642857142857144 0.03916666666666667 0.18785714285714286
1 0.5391666666666667 0.4164285714285714 0.02875 0.15142857142857144
1 0.2945833333333333 0.41285714285714287 0.025 0.1707142857142857
1 0.6779166666666666 0.44571428571428573 0.04541666666666667 0.19214285714285714
1 0.355 0.41 0.03791666666666667 0.17642857142857143
1 0.17958333333333334 0.4564285714285714 0.042916666666666665 0.16642857142857143
1 0.5645833333333333 0.4107142857142857 0.0325 0.16714285714285715
1 0.6954166666666667 0.35642857142857143 0.022916666666666665 0.11928571428571429
1 0.7291666666666666 0.3535714285714286 0.02625 0.1407142857142857
0 0.7341666666666666 0.35 0.00875 0.019285714285714285