1 0.28791666666666665 0.5078571428571429 0.04541666666666667 0.22785714285714287
1 0.33666666666666667 0.29214285714285715 0.04375 0.10857142857142857
1 0.37125 0.43357142857142855 0.035 0.19428571428571428
1 0.09208333333333334 0.335 0.027916666666666666 0.09285714285714286
1 0.08875 0.4135714285714286 0.03958333333333333 0.08928571428571429
1 0.7304166666666667 0.4707142857142857 0.034166666666666665 0.17
1 0.51875 0.5157142857142857 0.029583333333333333 0.21142857142857144
1 0.6579166666666667 0.33285714285714285 0.027916666666666666 0.12428571428571429
1 0.7395833333333334 0.3514285714285714 0.03125 0.10142857142857142
1 0.49291666666666667 0.38357142857142856 0.020416666666666666 0.14642857142857144
1 0.4895833333333333 0.28785714285714287 0.0175 0.04428571428571428