1 0.38458333333333333 0.48214285714285715 0.06958333333333333 0.18714285714285714
1 0.13291666666666666 0.4342857142857143 0.041666666666666664 0.16785714285714284
1 0.16375 0.45357142857142857 0.0325 0.18214285714285713
1 0.22958333333333333 0.32357142857142857 0.030833333333333334 0.1407142857142857
1 0.2920833333333333 0.2814285714285714 0.02666666666666667 0.11785714285714285
1 0.41375 0.35642857142857143 0.042916666666666665 0.16214285714285714
1 0.20458333333333334 0.645 0.07625 0.235
1 0.08666666666666667 0.345 0.030416666666666668 0.12071428571428572
1 0.12041666666666667 0.28285714285714286 0.030833333333333334 0.10642857142857143
1 0.7820833333333334 0.615 0.05625 0.22428571428571428
1 0.7225 0.4307142857142857 0.04541666666666667 0.14357142857142857
1 0.7133333333333334 0.35 0.03333333333333333 0.12928571428571428
1 0.7616666666666667 0.5557142857142857 0.05125 0.18642857142857142
1 0.7741666666666667 0.4657142857142857 0.03208333333333333 0.13857142857142857
1 0.7816666666666666 0.37214285714285716 0.02125 0.13642857142857143
1 0.8583333333333333 0.41785714285714287 0.037083333333333336 0.13714285714285715
1 0.9845833333333334 0.525 0.030833333333333334 0.16428571428571428
1 0.8954166666666666 0.3807142857142857 0.029583333333333333 0.11
1 0.9354166666666667 0.365 0.027916666666666666 0.12285714285714286
1 0.6833333333333333 0.31 0.02625 0.11714285714285715
1 0.8683333333333333 0.3342857142857143 0.023333333333333334 0.11
0 0.8041666666666667 0.5685714285714286 0.0175 0.03785714285714286
0 0.7666666666666667 0.2885714285714286 0.007083333333333333 0.016428571428571428
0 0.8845833333333334 0.1692857142857143 0.011666666666666667 0.02214285714285714
0 0.8766666666666667 0.31642857142857145 0.0075 0.014285714285714285
0 0.9745833333333334 0.5328571428571428 0.009166666666666667 0.022857142857142857
0 0.93625 0.34714285714285714 0.007916666666666667 0.022857142857142857
0 0.3358333333333333 0.29214285714285715 0.011666666666666667 0.02642857142857143
0 0.48291666666666666 0.2857142857142857 0.00875 0.017857142857142856