1 0.58875 0.6228571428571429 0.049166666666666664 0.23857142857142857
1 0.49666666666666665 0.4235714285714286 0.04375 0.175
1 0.42541666666666667 0.45071428571428573 0.030416666666666668 0.1357142857142857
1 0.425 0.37214285714285716 0.027916666666666666 0.125
1 0.6295833333333334 0.5057142857142857 0.04 0.17714285714285713
1 0.6954166666666667 0.4421428571428571 0.04666666666666667 0.1707142857142857
1 0.6554166666666666 0.33214285714285713 0.034583333333333334 0.12071428571428572
1 0.5529166666666666 0.4164285714285714 0.055 0.175
1 0.41458333333333336 0.5471428571428572 0.04875 0.2357142857142857
1 0.25375 0.5135714285714286 0.058333333333333334 0.19142857142857142
1 0.265 0.35 0.055 0.12071428571428572
1 0.14125 0.42714285714285716 0.04583333333333333 0.11857142857142858
0 0.47583333333333333 0.2864285714285714 0.01625 0.037142857142857144