0 0.3475 0.11785714285714285 0.022083333333333333 0.041428571428571426
1 0.14666666666666667 0.5071428571428571 0.042916666666666665 0.18
1 0.2995833333333333 0.41214285714285714 0.04833333333333333 0.15428571428571428
1 0.40458333333333335 0.4392857142857143 0.043333333333333335 0.15285714285714286
1 0.3120833333333333 0.2785714285714286 0.025416666666666667 0.10571428571428572
1 0.20916666666666667 0.39285714285714285 0.04 0.14642857142857144
1 0.15833333333333333 0.38285714285714284 0.019583333333333335 0.11428571428571428
1 0.49041666666666667 0.49357142857142855 0.041666666666666664 0.18571428571428572
1 0.7266666666666667 0.5628571428571428 0.050416666666666665 0.20357142857142857
1 0.7725 0.4057142857142857 0.03666666666666667 0.155
1 0.6816666666666666 0.3557142857142857 0.032916666666666664 0.115
1 0.48291666666666666 0.36357142857142855 0.04583333333333333 0.09714285714285714
1 0.48541666666666666 0.29214285714285715 0.027916666666666666 0.075