1 0.5991666666666666 0.3107142857142857 0.03166666666666667 0.08428571428571428
0 0.5883333333333334 0.2392857142857143 0.015 0.03214285714285714
1 0.10541666666666667 0.4614285714285714 0.030416666666666668 0.17714285714285713
1 0.12958333333333333 0.40785714285714286 0.025416666666666667 0.15928571428571428
1 0.28208333333333335 0.31357142857142856 0.027916666666666666 0.12928571428571428
1 0.41041666666666665 0.5121428571428571 0.042083333333333334 0.22285714285714286
1 0.6220833333333333 0.4114285714285714 0.0475 0.16714285714285715
1 0.43291666666666667 0.39 0.022916666666666665 0.16714285714285715
1 0.5483333333333333 0.34714285714285714 0.04041666666666666 0.1442857142857143
1 0.7170833333333333 0.4735714285714286 0.059166666666666666 0.11714285714285715
1 0.7829166666666667 0.47928571428571426 0.03958333333333333 0.17714285714285713
1 0.7441666666666666 0.38571428571428573 0.030416666666666668 0.14214285714285715
1 0.45 0.3435714285714286 0.02125 0.15642857142857142