0 0.06541666666666666 0.2842857142857143 0.013333333333333334 0.027142857142857142
1 0.26625 0.33214285714285713 0.030833333333333334 0.14
1 0.15875 0.3628571428571429 0.037083333333333336 0.14214285714285715
1 0.23541666666666666 0.44357142857142856 0.05541666666666667 0.21785714285714286
1 0.33958333333333335 0.3914285714285714 0.045 0.1492857142857143
1 0.39458333333333334 0.5657142857142857 0.055 0.2292857142857143
1 0.33916666666666667 0.5742857142857143 0.050416666666666665 0.23642857142857143
1 0.48875 0.4514285714285714 0.05875 0.20142857142857143
1 0.52875 0.4107142857142857 0.030833333333333334 0.175
1 0.7104166666666667 0.5592857142857143 0.04791666666666667 0.11285714285714285
1 0.66 0.35642857142857143 0.03833333333333333 0.14214285714285715
1 0.68625 0.43 0.03333333333333333 0.15785714285714286