1 0.6470833333333333 0.5135714285714286 0.03875 0.15428571428571428
1 0.69375 0.4035714285714286 0.027916666666666666 0.18071428571428572
1 0.7408333333333333 0.4135714285714286 0.029166666666666667 0.15357142857142858
1 0.26708333333333334 0.3992857142857143 0.02625 0.1657142857142857
1 0.33166666666666667 0.37214285714285716 0.03916666666666667 0.15428571428571428
1 0.41791666666666666 0.41 0.07041666666666667 0.12357142857142857
1 0.5220833333333333 0.415 0.032916666666666664 0.13214285714285715
1 0.041666666666666664 0.4685714285714286 0.032916666666666664 0.17285714285714285
1 0.26958333333333334 0.29928571428571427 0.03333333333333333 0.06
1 0.7829166666666667 0.525 0.041666666666666664 0.13214285714285715
0 0.4658333333333333 0.455 0.010416666666666666 0.02642857142857143