1 0.8866666666666667 0.4442857142857143 0.027916666666666666 0.17
1 0.725 0.5214285714285715 0.03208333333333333 0.24
1 0.6366666666666667 0.45285714285714285 0.0425 0.20214285714285715
1 0.7654166666666666 0.40785714285714286 0.027083333333333334 0.16142857142857142
1 0.5266666666666666 0.39785714285714285 0.016666666666666666 0.165
1 0.4195833333333333 0.4421428571428571 0.04583333333333333 0.16285714285714287
1 0.49916666666666665 0.3507142857142857 0.022083333333333333 0.12785714285714286
1 0.22208333333333333 0.5042857142857143 0.04875 0.18285714285714286
1 0.16708333333333333 0.38642857142857145 0.03166666666666667 0.15214285714285714
1 0.21541666666666667 0.3464285714285714 0.03958333333333333 0.11357142857142857
1 0.0575 0.4157142857142857 0.049166666666666664 0.1692857142857143
1 0.9225 0.7628571428571429 0.08041666666666666 0.15