1 0.6070833333333333 0.3792857142857143 0.035416666666666666 0.18214285714285713
1 0.48083333333333333 0.3264285714285714 0.025416666666666667 0.12714285714285714
1 0.42 0.3757142857142857 0.0175 0.15571428571428572
1 0.3829166666666667 0.38 0.021666666666666667 0.1457142857142857
1 0.26375 0.4014285714285714 0.029166666666666667 0.14714285714285713
1 0.1925 0.3742857142857143 0.0225 0.14785714285714285
1 0.3670833333333333 0.31 0.018333333333333333 0.11714285714285715
1 0.3925 0.29928571428571427 0.020833333333333332 0.12857142857142856
1 0.5008333333333334 0.3078571428571429 0.015416666666666667 0.08785714285714286
1 0.6954166666666667 0.3435714285714286 0.023333333333333334 0.1692857142857143
1 0.745 0.4664285714285714 0.03 0.17
1 0.805 0.4042857142857143 0.0225 0.13428571428571429
0 0.6929166666666666 0.055 0.01375 0.027857142857142858