0 0.5895833333333333 0.13142857142857142 0.011666666666666667 0.024285714285714285
1 0.17708333333333334 0.4835714285714286 0.044583333333333336 0.1992857142857143
1 0.115 0.43142857142857144 0.05333333333333334 0.16142857142857142
1 0.28375 0.325 0.03333333333333333 0.12214285714285714
1 0.41791666666666666 0.5507142857142857 0.04791666666666667 0.21214285714285713
1 0.49083333333333334 0.35642857142857143 0.04416666666666667 0.15142857142857144
1 0.6270833333333333 0.35714285714285715 0.04083333333333333 0.13071428571428573
1 0.6691666666666667 0.3142857142857143 0.034583333333333334 0.12428571428571429
1 0.6958333333333333 0.405 0.028333333333333332 0.13714285714285715
1 0.7583333333333333 0.3942857142857143 0.025 0.13642857142857143
1 0.7645833333333333 0.6371428571428571 0.04 0.24357142857142858
1 0.43416666666666665 0.4035714285714286 0.027083333333333334 0.155
1 0.44 0.3078571428571429 0.02375 0.12785714285714286