1 0.21583333333333332 0.465 0.034166666666666665 0.18
1 0.24125 0.365 0.020416666666666666 0.10642857142857143
1 0.2579166666666667 0.36 0.025833333333333333 0.1407142857142857
1 0.38916666666666666 0.4392857142857143 0.02125 0.15285714285714286
1 0.4041666666666667 0.3585714285714286 0.015 0.08714285714285715
1 0.4325 0.3221428571428571 0.019583333333333335 0.14214285714285715
1 0.47541666666666665 0.37214285714285716 0.02625 0.13214285714285715
1 0.68125 0.3507142857142857 0.025833333333333333 0.13428571428571429
1 0.74625 0.43142857142857144 0.022916666666666665 0.15214285714285714
1 0.5295833333333333 0.44285714285714284 0.020833333333333332 0.16714285714285715
1 0.5070833333333333 0.34714285714285714 0.021666666666666667 0.11214285714285714
1 0.5845833333333333 0.43642857142857144 0.0725 0.085
0 0.5558333333333333 0.19 0.014583333333333334 0.027142857142857142