1 0.51375 0.5592857142857143 0.0475 0.21857142857142858
1 0.41333333333333333 0.45285714285714285 0.035833333333333335 0.16642857142857143
1 0.14541666666666667 0.6178571428571429 0.07583333333333334 0.23785714285714285
1 0.645 0.35285714285714287 0.03208333333333333 0.12
1 0.7179166666666666 0.48714285714285716 0.051666666666666666 0.19357142857142856
1 0.7004166666666667 0.4064285714285714 0.04791666666666667 0.11714285714285715
1 0.48541666666666666 0.4357142857142857 0.04083333333333333 0.19
1 0.515 0.365 0.032916666666666664 0.14142857142857143
1 0.35 0.46214285714285713 0.060833333333333336 0.20214285714285715
1 0.34291666666666665 0.3264285714285714 0.034166666666666665 0.14285714285714285
1 0.2675 0.3921428571428571 0.04625 0.16642857142857143
1 0.12958333333333333 0.4057142857142857 0.03875 0.15285714285714286
0 0.6466666666666666 0.36357142857142855 0.01375 0.023571428571428573