1 0.9291666666666667 0.41 0.025833333333333333 0.14214285714285715
1 0.7020833333333333 0.3342857142857143 0.034166666666666665 0.13071428571428573
1 0.6454166666666666 0.4714285714285714 0.060833333333333336 0.18214285714285713
1 0.48583333333333334 0.41 0.03375 0.15714285714285714
1 0.5195833333333333 0.38142857142857145 0.022916666666666665 0.17357142857142857
1 0.35041666666666665 0.4421428571428571 0.03375 0.185
1 0.2783333333333333 0.4685714285714286 0.05333333333333334 0.21357142857142858
1 0.22458333333333333 0.415 0.0375 0.18071428571428572
1 0.19541666666666666 0.35428571428571426 0.020833333333333332 0.15714285714285714
1 0.09416666666666666 0.4257142857142857 0.03958333333333333 0.18857142857142858
1 0.035 0.2985714285714286 0.027083333333333334 0.09
1 0.47708333333333336 0.36714285714285716 0.01875 0.15428571428571428