1 0.52375 0.45571428571428574 0.030416666666666668 0.17714285714285713
1 0.64375 0.45714285714285713 0.02 0.16285714285714287
1 0.7641666666666667 0.405 0.0075 0.125
1 0.7416666666666667 0.37285714285714283 0.01625 0.12214285714285714
1 0.48791666666666667 0.3292857142857143 0.022916666666666665 0.12142857142857143
1 0.5016666666666667 0.395 0.0275 0.15071428571428572
1 0.032916666666666664 0.5471428571428572 0.027916666666666666 0.18071428571428572
1 0.06833333333333333 0.49142857142857144 0.03 0.15285714285714286
1 0.22 0.3557142857142857 0.022916666666666665 0.1407142857142857
1 0.2633333333333333 0.4107142857142857 0.025833333333333333 0.16285714285714287
1 0.36375 0.43642857142857144 0.045 0.1707142857142857
1 0.022916666666666665 0.44357142857142856 0.017916666666666668 0.08142857142857143