1 0.3975 0.24142857142857144 0.04041666666666666 0.15285714285714286
0 0.39875 0.16285714285714287 0.017083333333333332 0.016428571428571428
1 0.2629166666666667 0.3942857142857143 0.03125 0.16857142857142857
1 0.24125 0.3692857142857143 0.025833333333333333 0.13071428571428573
1 0.37166666666666665 0.555 0.05541666666666667 0.21071428571428572
1 0.4975 0.5307142857142857 0.051666666666666666 0.22785714285714287
1 0.5054166666666666 0.39714285714285713 0.055 0.13785714285714284
1 0.47541666666666665 0.27714285714285714 0.025833333333333333 0.17142857142857143
1 0.44333333333333336 0.44857142857142857 0.025 0.18857142857142858
1 0.6708333333333333 0.33785714285714286 0.024583333333333332 0.11142857142857143
1 0.6783333333333333 0.48714285714285716 0.04083333333333333 0.16428571428571428
1 0.71375 0.45571428571428574 0.04125 0.13714285714285715