0 0.525 0.05785714285714286 0.010416666666666666 0.022857142857142857
1 0.08875 0.4342857142857143 0.0475 0.14642857142857144
1 0.20166666666666666 0.48857142857142855 0.05125 0.17357142857142857
1 0.32458333333333333 0.4707142857142857 0.0575 0.2
1 0.23583333333333334 0.32571428571428573 0.035416666666666666 0.09142857142857143
1 0.44458333333333333 0.3557142857142857 0.032916666666666664 0.13142857142857142
1 0.525 0.3821428571428571 0.029166666666666667 0.15142857142857144
1 0.5383333333333333 0.30357142857142855 0.0275 0.13285714285714287
1 0.6216666666666667 0.5728571428571428 0.04833333333333333 0.23
1 0.625 0.43 0.055 0.14214285714285715
1 0.5904166666666667 0.3892857142857143 0.03666666666666667 0.1492857142857143
1 0.5708333333333333 0.34 0.029166666666666667 0.12285714285714286