1 0.26166666666666666 0.4107142857142857 0.05125 0.16285714285714287
1 0.30791666666666667 0.395 0.01875 0.15
1 0.3466666666666667 0.4164285714285714 0.03125 0.19285714285714287
1 0.425 0.41285714285714287 0.06333333333333334 0.20357142857142857
1 0.4875 0.39285714285714285 0.034583333333333334 0.155
1 0.36583333333333334 0.37214285714285716 0.030416666666666668 0.17357142857142857
1 0.5879166666666666 0.365 0.03208333333333333 0.15071428571428572
1 0.5216666666666666 0.375 0.04791666666666667 0.1707142857142857
1 0.7054166666666667 0.37214285714285716 0.03 0.15071428571428572
1 0.7320833333333333 0.49785714285714283 0.041666666666666664 0.20285714285714285
1 0.7533333333333333 0.4392857142857143 0.04 0.16071428571428573
0 0.004583333333333333 0.45285714285714285 0.009166666666666667 0.025714285714285714