0 0.6579166666666667 0.17857142857142858 0.015833333333333335 0.029285714285714286
1 0.67375 0.31142857142857144 0.034166666666666665 0.16071428571428573
1 0.58 0.3692857142857143 0.0275 0.15857142857142856
1 0.7345833333333334 0.45571428571428574 0.0275 0.15
1 0.7795833333333333 0.42714285714285716 0.029166666666666667 0.15214285714285714
1 0.2725 0.44785714285714284 0.03333333333333333 0.15714285714285714
1 0.23 0.3578571428571429 0.024166666666666666 0.12428571428571429
1 0.365 0.39285714285714285 0.029166666666666667 0.13357142857142856
1 0.41458333333333336 0.35428571428571426 0.025 0.13785714285714284
1 0.3908333333333333 0.2978571428571429 0.022916666666666665 0.12357142857142857
1 0.445 0.29714285714285715 0.02666666666666667 0.14285714285714285
1 0.4791666666666667 0.3264285714285714 0.020833333333333332 0.11214285714285714