1 0.5120833333333333 0.43857142857142856 0.034166666666666665 0.16
1 0.76875 0.4942857142857143 0.028333333333333332 0.17357142857142857
1 0.17375 0.6464285714285715 0.06625 0.2621428571428571
1 0.04125 0.5121428571428571 0.04791666666666667 0.185
1 0.057916666666666665 0.4421428571428571 0.024583333333333332 0.13357142857142856
1 0.18166666666666667 0.34785714285714286 0.029166666666666667 0.15571428571428572
1 0.2725 0.4328571428571429 0.0225 0.17714285714285713
1 0.2841666666666667 0.3892857142857143 0.017916666666666668 0.12571428571428572
1 0.47375 0.33 0.01375 0.135
1 0.4925 0.4007142857142857 0.017916666666666668 0.14857142857142858
1 0.7025 0.37 0.027083333333333334 0.14642857142857144
1 0.7483333333333333 0.42214285714285715 0.02625 0.15714285714285714
0 0.31 0.6835714285714286 0.025 0.03642857142857143