1 0.40708333333333335 0.4492857142857143 0.04541666666666667 0.20357142857142857
1 0.50375 0.4142857142857143 0.03791666666666667 0.15214285714285714
1 0.5525 0.3892857142857143 0.03875 0.1757142857142857
1 0.26416666666666666 0.45285714285714285 0.04791666666666667 0.21071428571428572
1 0.2866666666666667 0.39071428571428574 0.03666666666666667 0.16357142857142856
1 0.21666666666666667 0.40714285714285714 0.037083333333333336 0.15142857142857144
1 0.08166666666666667 0.3342857142857143 0.027083333333333334 0.10571428571428572
1 0.04583333333333333 0.2785714285714286 0.012916666666666667 0.09142857142857143
1 0.6129166666666667 0.4357142857142857 0.0275 0.1757142857142857
1 0.655 0.545 0.034166666666666665 0.21214285714285713
1 0.68125 0.5164285714285715 0.03625 0.2042857142857143
1 0.6704166666666667 0.38 0.035416666666666666 0.12071428571428572