0 0.38958333333333334 0.17714285714285713 0.014166666666666666 0.027857142857142858
0 0.48333333333333334 0.2857142857142857 0.009166666666666667 0.017142857142857144
0 0.22708333333333333 0.27071428571428574 0.008333333333333333 0.02
1 0.2608333333333333 0.28785714285714287 0.029166666666666667 0.12571428571428572
1 0.24333333333333335 0.26571428571428574 0.023333333333333334 0.11071428571428571
1 0.20791666666666667 0.35928571428571426 0.034166666666666665 0.15428571428571428
1 0.17125 0.38857142857142857 0.025416666666666667 0.16071428571428573
1 0.08208333333333333 0.3485714285714286 0.03125 0.12357142857142857
1 0.14958333333333335 0.5771428571428572 0.049166666666666664 0.20785714285714285
1 0.14833333333333334 0.46285714285714286 0.032916666666666664 0.15142857142857144
1 0.3616666666666667 0.48714285714285716 0.0425 0.21214285714285713
1 0.42 0.4635714285714286 0.03333333333333333 0.20714285714285716
1 0.7320833333333333 0.5492857142857143 0.042916666666666665 0.19714285714285715
1 0.8416666666666667 0.535 0.0425 0.1757142857142857
1 0.7675 0.49214285714285716 0.02875 0.18357142857142858
1 0.72625 0.42642857142857143 0.032916666666666664 0.125
1 0.6829166666666666 0.3107142857142857 0.01875 0.12214285714285714
1 0.7129166666666666 0.3514285714285714 0.02375 0.13142857142857142
1 0.7445833333333334 0.3557142857142857 0.027083333333333334 0.14214285714285715
1 0.81125 0.31642857142857145 0.020833333333333332 0.10571428571428572
1 0.87 0.38857142857142857 0.027916666666666666 0.1792857142857143
1 0.9133333333333333 0.3757142857142857 0.021666666666666667 0.09928571428571428
1 0.8966666666666666 0.3442857142857143 0.018333333333333333 0.10285714285714286
0 0.8741666666666666 0.27071428571428574 0.012083333333333333 0.02
0 0.7345833333333334 0.4521428571428571 0.015416666666666667 0.024285714285714285
0 0.9045833333333333 0.37785714285714284 0.006666666666666667 0.015714285714285715