0 0.6516666666666666 0.27214285714285713 0.015833333333333335 0.02642857142857143
1 0.16291666666666665 0.40785714285714286 0.042083333333333334 0.18642857142857142
1 0.28541666666666665 0.405 0.04041666666666666 0.19357142857142856
1 0.3695833333333333 0.475 0.049166666666666664 0.195
1 0.40791666666666665 0.38357142857142856 0.027916666666666666 0.16142857142857142
1 0.35041666666666665 0.38 0.032916666666666664 0.11285714285714285
1 0.47208333333333335 0.3357142857142857 0.019583333333333335 0.15
1 0.59875 0.49357142857142855 0.0525 0.2
1 0.5516666666666666 0.4007142857142857 0.05291666666666667 0.16142857142857142
1 0.6920833333333334 0.35642857142857143 0.04083333333333333 0.13285714285714287
1 0.75 0.48642857142857143 0.06041666666666667 0.13857142857142857
1 0.75875 0.41 0.04125 0.12428571428571429