0 0.5408333333333334 0.2 0.022916666666666665 0.055
1 0.2825 0.34285714285714286 0.057916666666666665 0.12785714285714286
1 0.12958333333333333 0.5207142857142857 0.03375 0.18071428571428572
1 0.09708333333333333 0.44857142857142857 0.030833333333333334 0.13142857142857142
1 0.4166666666666667 0.37857142857142856 0.0175 0.10642857142857143
1 0.4325 0.5314285714285715 0.016666666666666666 0.215
1 0.4970833333333333 0.41 0.02666666666666667 0.16714285714285715
1 0.5683333333333334 0.5542857142857143 0.04708333333333333 0.21214285714285713
1 0.63625 0.36142857142857143 0.043333333333333335 0.15785714285714286
1 0.5579166666666666 0.3871428571428571 0.030833333333333334 0.12285714285714286
1 0.69125 0.5407142857142857 0.024166666666666666 0.21142857142857144
1 0.6425 0.5042857142857143 0.025416666666666667 0.18857142857142858