1 0.16166666666666665 0.49142857142857144 0.056666666666666664 0.255
1 0.29125 0.34 0.0325 0.12428571428571429
1 0.28625 0.5 0.045 0.17285714285714285
1 0.345 0.5364285714285715 0.04083333333333333 0.18642857142857142
1 0.40291666666666665 0.44857142857142857 0.034583333333333334 0.165
1 0.4245833333333333 0.33071428571428574 0.025833333333333333 0.15
1 0.5654166666666667 0.34785714285714286 0.03208333333333333 0.15214285714285714
1 0.4841666666666667 0.4764285714285714 0.0325 0.19357142857142856
1 0.5275 0.5585714285714286 0.07291666666666667 0.22142857142857142
1 0.7058333333333333 0.37785714285714284 0.03916666666666667 0.1357142857142857
1 0.83 0.5542857142857143 0.04125 0.17857142857142858