1 0.6641666666666667 0.5728571428571428 0.04625 0.20357142857142857
1 0.7154166666666667 0.4157142857142857 0.01875 0.1457142857142857
1 0.7370833333333333 0.38285714285714284 0.01625 0.13714285714285715
1 0.7758333333333334 0.39714285714285713 0.035416666666666666 0.12428571428571429
1 0.4354166666666667 0.4007142857142857 0.02625 0.16285714285714287
1 0.49916666666666665 0.4514285714285714 0.034166666666666665 0.12857142857142856
1 0.2525 0.38571428571428573 0.03208333333333333 0.14
1 0.2175 0.3385714285714286 0.018333333333333333 0.12142857142857143
1 0.3333333333333333 0.37285714285714283 0.0225 0.15714285714285714
1 0.36833333333333335 0.35285714285714287 0.017083333333333332 0.135
1 0.7854166666666667 0.5242857142857142 0.044583333333333336 0.12785714285714286