1 0.13041666666666665 0.4764285714285714 0.04541666666666667 0.18428571428571427
1 0.19708333333333333 0.4442857142857143 0.043333333333333335 0.16714285714285715
1 0.20375 0.34214285714285714 0.03666666666666667 0.11428571428571428
1 0.3075 0.3942857142857143 0.04625 0.15857142857142856
1 0.3333333333333333 0.30857142857142855 0.035 0.12214285714285714
1 0.43166666666666664 0.4585714285714286 0.04416666666666667 0.185
1 0.5141666666666667 0.44642857142857145 0.020416666666666666 0.18071428571428572
1 0.655 0.47 0.024583333333333332 0.18285714285714286
1 0.7466666666666667 0.415 0.0375 0.16357142857142856
1 0.6141666666666666 0.36357142857142855 0.03 0.15285714285714286
1 0.49541666666666667 0.35642857142857143 0.01875 0.10785714285714286
1 0.5233333333333333 0.3264285714285714 0.02625 0.10142857142857142
0 0.30541666666666667 0.24 0.022916666666666665 0.027142857142857142