0 0.08166666666666667 0.27714285714285714 0.019166666666666665 0.04214285714285714
1 0.10333333333333333 0.4657142857142857 0.05583333333333333 0.13642857142857143
1 0.18833333333333332 0.35 0.05 0.10428571428571429
1 0.17833333333333334 0.5135714285714286 0.065 0.15785714285714286
1 0.29 0.495 0.051666666666666666 0.22214285714285714
1 0.4345833333333333 0.3142857142857143 0.027916666666666666 0.11785714285714285
1 0.5045833333333334 0.44285714285714284 0.030833333333333334 0.16714285714285715
1 0.57125 0.36428571428571427 0.0325 0.12928571428571428
1 0.4979166666666667 0.31285714285714283 0.03791666666666667 0.07
1 0.5508333333333333 0.2842857142857143 0.02875 0.14285714285714285
1 0.67 0.3557142857142857 0.019166666666666665 0.15785714285714286
1 0.7158333333333333 0.42142857142857143 0.0475 0.15714285714285714