0 0.25916666666666666 0.03142857142857143 0.023333333333333334 0.04214285714285714
1 0.08291666666666667 0.6671428571428571 0.03916666666666667 0.21428571428571427
1 0.0875 0.4692857142857143 0.03166666666666667 0.16071428571428573
1 0.2475 0.5035714285714286 0.04625 0.2057142857142857
1 0.40375 0.42642857142857143 0.0275 0.19642857142857142
1 0.29625 0.3242857142857143 0.03625 0.12071428571428572
1 0.25375 0.355 0.02375 0.12928571428571428
1 0.48333333333333334 0.545 0.032916666666666664 0.2
1 0.6783333333333333 0.5157142857142857 0.04083333333333333 0.17142857142857143
1 0.6275 0.37857142857142856 0.03 0.16
1 0.7629166666666667 0.3992857142857143 0.034583333333333334 0.15857142857142856
1 0.5054166666666666 0.3192857142857143 0.034166666666666665 0.12357142857142857
1 0.5041666666666667 0.41785714285714287 0.03166666666666667 0.14642857142857144