0 0.5791666666666667 0.16357142857142856 0.021666666666666667 0.055714285714285716
1 0.06125 0.5392857142857143 0.05625 0.15285714285714286
1 0.17666666666666667 0.39785714285714285 0.03791666666666667 0.1442857142857143
1 0.26 0.3364285714285714 0.05291666666666667 0.12714285714285714
1 0.35041666666666665 0.395 0.037083333333333336 0.17
1 0.43166666666666664 0.545 0.028333333333333332 0.1792857142857143
1 0.42833333333333334 0.42428571428571427 0.02875 0.07357142857142857
1 0.5241666666666667 0.4492857142857143 0.03166666666666667 0.165
1 0.5866666666666667 0.5614285714285714 0.043333333333333335 0.2592857142857143
1 0.6183333333333333 0.5492857142857143 0.021666666666666667 0.18214285714285713
1 0.6145833333333334 0.4064285714285714 0.032916666666666664 0.09071428571428572
1 0.7183333333333334 0.42928571428571427 0.02666666666666667 0.1757142857142857
1 0.6745833333333333 0.36357142857142855 0.029583333333333333 0.1657142857142857