1 0.505 0.5814285714285714 0.041666666666666664 0.19428571428571428
1 0.6825 0.5857142857142857 0.059583333333333335 0.18071428571428572
1 0.7575 0.43142857142857144 0.03208333333333333 0.15785714285714286
1 0.38708333333333333 0.3871428571428571 0.01875 0.15785714285714286
1 0.4175 0.4185714285714286 0.028333333333333332 0.1692857142857143
1 0.22125 0.35 0.0325 0.13357142857142856
1 0.1375 0.3892857142857143 0.035 0.15714285714285714
0 0.13458333333333333 0.27285714285714285 0.021666666666666667 0.03142857142857143
1 0.7191666666666666 0.3507142857142857 0.02125 0.13071428571428573
1 0.7979166666666667 0.36214285714285716 0.024166666666666666 0.12428571428571429
1 0.79 0.5185714285714286 0.032916666666666664 0.16357142857142856
1 0.4041666666666667 0.32142857142857145 0.015833333333333335 0.05357142857142857