0 0.6091666666666666 0.1992857142857143 0.017083333333333332 0.03428571428571429
1 0.030833333333333334 0.5264285714285715 0.05 0.15214285714285714
1 0.13166666666666665 0.5092857142857142 0.03666666666666667 0.15428571428571428
1 0.17583333333333334 0.4057142857142857 0.04041666666666666 0.12285714285714286
1 0.22458333333333333 0.3407142857142857 0.028333333333333332 0.13357142857142856
1 0.3095833333333333 0.41714285714285715 0.04041666666666666 0.12571428571428572
1 0.42375 0.4542857142857143 0.042916666666666665 0.18714285714285714
1 0.4825 0.395 0.015833333333333335 0.16714285714285715
1 0.50375 0.3942857142857143 0.018333333333333333 0.1492857142857143
1 0.5358333333333334 0.415 0.025 0.16714285714285715
1 0.6204166666666666 0.4207142857142857 0.023333333333333334 0.13357142857142856
1 0.77 0.33714285714285713 0.01375 0.12428571428571429
1 0.8258333333333333 0.4492857142857143 0.01625 0.15714285714285714