1 0.42541666666666667 0.46785714285714286 0.042916666666666665 0.17785714285714285
1 0.18041666666666667 0.4764285714285714 0.032916666666666664 0.165
1 0.2520833333333333 0.335 0.04791666666666667 0.12571428571428572
1 0.17833333333333334 0.36214285714285716 0.02 0.060714285714285714
1 0.3875 0.38571428571428573 0.025416666666666667 0.15785714285714286
1 0.40125 0.3142857142857143 0.03166666666666667 0.10357142857142858
1 0.5445833333333333 0.39285714285714285 0.02 0.1657142857142857
1 0.58375 0.48214285714285715 0.020416666666666666 0.19
1 0.7425 0.4064285714285714 0.0325 0.14714285714285713
1 0.6120833333333333 0.4228571428571429 0.0275 0.17285714285714285
1 0.6445833333333333 0.36428571428571427 0.025416666666666667 0.13214285714285715
1 0.585 0.3171428571428571 0.029166666666666667 0.11357142857142857
0 0.5779166666666666 0.21571428571428572 0.020833333333333332 0.04928571428571429