1 0.5091666666666667 0.5642857142857143 0.06541666666666666 0.20357142857142857
1 0.57625 0.3707142857142857 0.04083333333333333 0.15714285714285714
1 0.6420833333333333 0.36142857142857143 0.030416666666666668 0.11571428571428571
1 0.08708333333333333 0.47 0.04375 0.15571428571428572
1 0.15333333333333332 0.5421428571428571 0.05541666666666667 0.20785714285714285
1 0.27 0.3707142857142857 0.059583333333333335 0.16714285714285715
1 0.3954166666666667 0.43214285714285716 0.027083333333333334 0.19142857142857142
1 0.435 0.5264285714285715 0.035833333333333335 0.24214285714285713
0 0.3695833333333333 0.4 0.025 0.05857142857142857
1 0.43041666666666667 0.37 0.034583333333333334 0.10714285714285714
1 0.475 0.36642857142857144 0.024166666666666666 0.15642857142857142
1 0.6179166666666667 0.5285714285714286 0.04083333333333333 0.18428571428571427
1 0.6829166666666666 0.4471428571428571 0.035416666666666666 0.195