1 0.40541666666666665 0.25214285714285717 0.050833333333333335 0.1492857142857143
0 0.4241666666666667 0.12642857142857142 0.0125 0.02142857142857143
1 0.1775 0.5414285714285715 0.06875 0.20357142857142857
1 0.20208333333333334 0.41 0.04041666666666666 0.15785714285714286
1 0.365 0.3435714285714286 0.05125 0.13
1 0.4091666666666667 0.40285714285714286 0.025 0.18571428571428572
1 0.4354166666666667 0.3585714285714286 0.021666666666666667 0.11357142857142857
1 0.48 0.3092857142857143 0.0225 0.17714285714285713
1 0.5445833333333333 0.4471428571428571 0.07208333333333333 0.1392857142857143
1 0.6629166666666667 0.5064285714285715 0.06791666666666667 0.17857142857142858
1 0.7554166666666666 0.4085714285714286 0.03791666666666667 0.13857142857142857
1 0.6779166666666666 0.3385714285714286 0.029166666666666667 0.11285714285714285