1 0.22208333333333333 0.38357142857142856 0.0425 0.1442857142857143
1 0.515 0.5835714285714285 0.050416666666666665 0.20642857142857143
1 0.6766666666666666 0.5735714285714286 0.043333333333333335 0.2092857142857143
1 0.18791666666666668 0.3057142857142857 0.025833333333333333 0.11428571428571428
1 0.4041666666666667 0.4064285714285714 0.009583333333333333 0.165
1 0.4320833333333333 0.39 0.014583333333333334 0.145
1 0.3904166666666667 0.35285714285714287 0.02 0.09785714285714285
1 0.73625 0.52 0.03833333333333333 0.19642857142857142
1 0.7154166666666667 0.355 0.02666666666666667 0.12214285714285714
1 0.7508333333333334 0.3914285714285714 0.025 0.10642857142857143
1 0.76 0.31285714285714283 0.016666666666666666 0.11142857142857143