0 0.5266666666666666 0.2842857142857143 0.03166666666666667 0.045
1 0.7683333333333333 0.5064285714285715 0.03333333333333333 0.19285714285714287
1 0.7470833333333333 0.4114285714285714 0.03 0.13642857142857143
1 0.6804166666666667 0.3407142857142857 0.03208333333333333 0.125
1 0.17375 0.44571428571428573 0.05 0.2007142857142857
1 0.10375 0.41 0.050416666666666665 0.13857142857142857
0 0.46625 0.34785714285714286 0.011666666666666667 0.02214285714285714
0 0.4791666666666667 0.3292857142857143 0.011666666666666667 0.025
1 0.22291666666666668 0.35428571428571426 0.0275 0.15071428571428572
1 0.20708333333333334 0.3335714285714286 0.021666666666666667 0.12928571428571428
1 0.06958333333333333 0.32285714285714284 0.030416666666666668 0.11714285714285715