1 0.76 0.48714285714285716 0.04125 0.12285714285714286
0 0.75 0.4514285714285714 0.015416666666666667 0.032857142857142856
1 0.55125 0.35714285714285715 0.0275 0.14357142857142857
1 0.04041666666666666 0.47214285714285714 0.03375 0.16
1 0.08333333333333333 0.44 0.022083333333333333 0.15142857142857144
1 0.17875 0.4607142857142857 0.0275 0.16714285714285715
1 0.4220833333333333 0.5078571428571429 0.025416666666666667 0.2057142857142857
1 0.3975 0.38571428571428573 0.020416666666666666 0.16071428571428573
1 0.43125 0.38 0.0175 0.14642857142857144
1 0.6645833333333333 0.5464285714285714 0.03375 0.2092857142857143
1 0.76 0.6378571428571429 0.03916666666666667 0.1957142857142857
1 0.6766666666666666 0.35285714285714287 0.02666666666666667 0.125
1 0.7920833333333334 0.46285714285714286 0.03166666666666667 0.135