1 0.04416666666666667 0.4585714285714286 0.03625 0.18285714285714286
1 0.1325 0.5171428571428571 0.04416666666666667 0.24642857142857144
1 0.305 0.33785714285714286 0.04625 0.15428571428571428
1 0.40875 0.4635714285714286 0.029583333333333333 0.20214285714285715
1 0.52875 0.39714285714285713 0.05333333333333334 0.17142857142857143
1 0.60125 0.35 0.037083333333333336 0.15571428571428572
1 0.7154166666666667 0.38642857142857145 0.03958333333333333 0.16285714285714287
1 0.7845833333333333 0.4957142857142857 0.03125 0.15714285714285714
1 0.7666666666666667 0.39714285714285713 0.02125 0.07857142857142857
1 0.7833333333333333 0.3364285714285714 0.02125 0.11142857142857143
0 0.7554166666666666 0.295 0.019583333333333335 0.04
1 0.4354166666666667 0.40785714285714286 0.020416666666666666 0.1492857142857143
1 0.43666666666666665 0.32071428571428573 0.019583333333333335 0.04