1 0.17958333333333334 0.39785714285714285 0.041666666666666664 0.19857142857142857
0 0.18291666666666667 0.2757142857142857 0.020416666666666666 0.04214285714285714
1 0.13458333333333333 0.42214285714285715 0.04041666666666666 0.13785714285714284
1 0.23958333333333334 0.5007142857142857 0.04875 0.18357142857142858
1 0.24583333333333332 0.3 0.015 0.11857142857142858
1 0.4266666666666667 0.435 0.030416666666666668 0.16714285714285715
1 0.7870833333333334 0.4685714285714286 0.03958333333333333 0.13428571428571429
1 0.6470833333333333 0.39571428571428574 0.019583333333333335 0.15
1 0.5075 0.435 0.0225 0.14785714285714285
1 0.4775 0.32785714285714285 0.00875 0.10928571428571429
1 0.49083333333333334 0.36428571428571427 0.009583333333333333 0.11142857142857143
1 0.7845833333333333 0.3707142857142857 0.017083333333333332 0.05