1 0.16375 0.385 0.030416666666666668 0.15357142857142858
1 0.5045833333333334 0.5821428571428572 0.050833333333333335 0.22214285714285714
1 0.6783333333333333 0.5871428571428572 0.059166666666666666 0.18
1 0.40791666666666665 0.4164285714285714 0.016666666666666666 0.1692857142857143
1 0.4320833333333333 0.39357142857142857 0.0225 0.15785714285714286
1 0.4270833333333333 0.4035714285714286 0.02 0.12714285714285714
1 0.19291666666666665 0.31357142857142856 0.023333333333333334 0.13142857142857142
1 0.3875 0.36142857142857143 0.01375 0.12714285714285714
1 0.7375 0.4957142857142857 0.024583333333333332 0.18357142857142858
1 0.7158333333333333 0.36 0.025 0.13071428571428573
1 0.7408333333333333 0.37357142857142855 0.017916666666666668 0.07071428571428572
1 0.76 0.32 0.015833333333333335 0.11142857142857143