1 0.25666666666666665 0.33285714285714285 0.04125 0.13214285714285715
1 0.12 0.4992857142857143 0.02875 0.16142857142857142
1 0.09708333333333333 0.39285714285714285 0.029166666666666667 0.1657142857142857
1 0.4320833333333333 0.5364285714285715 0.02375 0.23142857142857143
1 0.4141666666666667 0.42714285714285716 0.02625 0.15357142857142858
1 0.41083333333333333 0.3464285714285714 0.030416666666666668 0.09428571428571429
1 0.5070833333333333 0.4142857142857143 0.0375 0.18928571428571428
1 0.6258333333333334 0.4207142857142857 0.028333333333333332 0.16285714285714287
1 0.6520833333333333 0.5871428571428572 0.04083333333333333 0.205
1 0.6991666666666667 0.5057142857142857 0.04791666666666667 0.17714285714285713
1 0.7620833333333333 0.44571428571428573 0.034583333333333334 0.18571428571428572
1 0.69 0.3385714285714286 0.032916666666666664 0.11
0 0.6254166666666666 0.027857142857142858 0.018333333333333333 0.05357142857142857