1 0.3275 0.3585714285714286 0.03958333333333333 0.15
0 0.31708333333333333 0.26857142857142857 0.015 0.03
1 0.12666666666666668 0.5042857142857143 0.04541666666666667 0.18214285714285713
1 0.16125 0.4257142857142857 0.03333333333333333 0.1457142857142857
1 0.21333333333333335 0.3407142857142857 0.03166666666666667 0.13357142857142856
1 0.26875 0.2842857142857143 0.023333333333333334 0.11642857142857142
1 0.3225 0.5335714285714286 0.059583333333333335 0.22
1 0.48291666666666666 0.4614285714285714 0.020416666666666666 0.15785714285714286
1 0.5125 0.4278571428571429 0.022083333333333333 0.16285714285714287
1 0.8404166666666667 0.5242857142857142 0.034166666666666665 0.20142857142857143
1 0.68625 0.395 0.023333333333333334 0.14785714285714285
1 0.6066666666666667 0.3942857142857143 0.0275 0.15214285714285714
1 0.48833333333333334 0.3314285714285714 0.020416666666666666 0.10142857142857142