0 0.31583333333333335 0.11071428571428571 0.017916666666666668 0.037142857142857144
1 0.01875 0.6142857142857143 0.037083333333333336 0.19714285714285715
1 0.019166666666666665 0.5014285714285714 0.02625 0.12642857142857142
1 0.26208333333333333 0.4342857142857143 0.02375 0.18642857142857142
1 0.29125 0.29214285714285715 0.02666666666666667 0.09714285714285714
1 0.39 0.48857142857142855 0.05333333333333334 0.21642857142857144
1 0.33125 0.42 0.04541666666666667 0.18714285714285714
1 0.48 0.45357142857142857 0.025833333333333333 0.17285714285714285
1 0.6504166666666666 0.3435714285714286 0.03916666666666667 0.13357142857142856
1 0.7654166666666666 0.44571428571428573 0.035416666666666666 0.18285714285714286
1 0.6570833333333334 0.5571428571428572 0.045 0.18214285714285713
1 0.48125 0.295 0.025 0.09928571428571428
1 0.49916666666666665 0.41 0.029166666666666667 0.15785714285714286