0 0.6408333333333334 0.009285714285714286 0.018333333333333333 0.018571428571428572
1 0.17833333333333334 0.4757142857142857 0.04625 0.18357142857142858
1 0.11416666666666667 0.42714285714285716 0.03333333333333333 0.165
1 0.2504166666666667 0.32357142857142857 0.03916666666666667 0.14285714285714285
1 0.3975 0.48642857142857143 0.060833333333333336 0.18785714285714286
1 0.4275 0.4064285714285714 0.028333333333333332 0.15357142857142858
1 0.5520833333333334 0.39071428571428574 0.035 0.175
1 0.4395833333333333 0.3414285714285714 0.0325 0.1407142857142857
1 0.69 0.45285714285714285 0.025833333333333333 0.18714285714285714
1 0.7658333333333334 0.49642857142857144 0.027083333333333334 0.18857142857142858
1 0.7108333333333333 0.37285714285714283 0.02625 0.1392857142857143
1 0.5779166666666666 0.29214285714285715 0.021666666666666667 0.1
1 0.55125 0.2692857142857143 0.020833333333333332 0.07857142857142857