1 0.030416666666666668 0.38357142857142856 0.025416666666666667 0.18642857142857142
0 0.0375 0.2864285714285714 0.014583333333333334 0.023571428571428573
1 0.16541666666666666 0.42642857142857143 0.035416666666666666 0.17142857142857143
1 0.3154166666666667 0.34 0.035833333333333335 0.15285714285714286
1 0.4041666666666667 0.43642857142857144 0.020833333333333332 0.18785714285714286
1 0.44125 0.42928571428571427 0.016666666666666666 0.1692857142857143
1 0.5179166666666667 0.38142857142857145 0.027916666666666666 0.10428571428571429
1 0.6720833333333334 0.35428571428571426 0.021666666666666667 0.12785714285714286
1 0.6766666666666666 0.55 0.0375 0.23642857142857143
1 0.7379166666666667 0.5221428571428571 0.029166666666666667 0.15857142857142856
1 0.7170833333333333 0.3985714285714286 0.024166666666666666 0.14214285714285715
1 0.8441666666666666 0.45285714285714285 0.035833333333333335 0.15