0 0.23625 0.21571428571428572 0.022083333333333333 0.035
1 0.2604166666666667 0.7185714285714285 0.05541666666666667 0.22071428571428572
1 0.015416666666666667 0.475 0.030416666666666668 0.18071428571428572
1 0.19541666666666666 0.3914285714285714 0.04625 0.13357142857142856
1 0.23833333333333334 0.515 0.04791666666666667 0.17642857142857143
1 0.38 0.39285714285714285 0.04666666666666667 0.17357142857142857
1 0.33166666666666667 0.33714285714285713 0.043333333333333335 0.14357142857142857
1 0.5041666666666667 0.40285714285714286 0.027916666666666666 0.17285714285714285
1 0.5558333333333333 0.42714285714285716 0.02375 0.15857142857142856
1 0.6304166666666666 0.37785714285714284 0.02875 0.15214285714285714
1 0.74375 0.40714285714285714 0.01625 0.145
1 0.7120833333333333 0.5442857142857143 0.025416666666666667 0.20785714285714285
1 0.5220833333333333 0.32785714285714285 0.02875 0.11214285714285714