1 0.7791666666666667 0.41785714285714287 0.034583333333333334 0.14642857142857144
1 0.9241666666666667 0.42642857142857143 0.03375 0.12928571428571428
1 0.5354166666666667 0.42857142857142855 0.02625 0.19
1 0.5575 0.41714285714285715 0.025416666666666667 0.1707142857142857
1 0.5104166666666666 0.36642857142857144 0.02 0.1392857142857143
1 0.38083333333333336 0.4421428571428571 0.03208333333333333 0.17714285714285713
1 0.20875 0.4807142857142857 0.044583333333333336 0.19642857142857142
1 0.11791666666666667 0.43785714285714283 0.0425 0.15
1 0.14833333333333334 0.4042857142857143 0.03 0.15428571428571428
1 0.21041666666666667 0.3792857142857143 0.028333333333333332 0.17
1 0.5233333333333333 0.4014285714285714 0.025833333333333333 0.1657142857142857
1 0.9245833333333333 0.7342857142857143 0.07291666666666667 0.23642857142857143