1 0.9245833333333333 0.425 0.022916666666666665 0.12642857142857142
0 0.9108333333333334 0.4714285714285714 0.012916666666666667 0.025714285714285714
1 0.6341666666666667 0.4614285714285714 0.04416666666666667 0.15928571428571428
1 0.6133333333333333 0.40214285714285714 0.027083333333333334 0.1707142857142857
1 0.48333333333333334 0.4157142857142857 0.02625 0.18285714285714286
1 0.5029166666666667 0.3964285714285714 0.023333333333333334 0.15642857142857142
1 0.3854166666666667 0.45357142857142857 0.05875 0.15285714285714286
1 0.2875 0.47 0.04625 0.21928571428571428
1 0.22375 0.35214285714285715 0.035 0.15357142857142858
1 0.15791666666666668 0.4014285714285714 0.02625 0.15571428571428572
1 0.12041666666666667 0.47714285714285715 0.035833333333333335 0.1757142857142857
1 0.06958333333333333 0.42428571428571427 0.022916666666666665 0.15285714285714286