1 0.7345833333333334 0.34714285714285714 0.029583333333333333 0.12428571428571429
0 0.7716666666666666 0.31857142857142856 0.010416666666666666 0.020714285714285713
1 0.9308333333333333 0.40785714285714286 0.025 0.14285714285714285
1 0.6766666666666666 0.5042857142857143 0.03333333333333333 0.1757142857142857
1 0.36541666666666667 0.45071428571428573 0.0475 0.18785714285714286
1 0.2654166666666667 0.4835714285714286 0.04041666666666666 0.225
1 0.07166666666666667 0.4057142857142857 0.030833333333333334 0.135
1 0.18625 0.4185714285714286 0.043333333333333335 0.15285714285714286
1 0.030416666666666668 0.325 0.028333333333333332 0.11428571428571428
1 0.17166666666666666 0.3657142857142857 0.024583333333333332 0.1407142857142857
1 0.4870833333333333 0.42 0.022916666666666665 0.16714285714285715
1 0.50875 0.39357142857142857 0.024583333333333332 0.16214285714285714
1 0.47791666666666666 0.30714285714285716 0.020416666666666666 0.04428571428571428