0 0.6341666666666667 0.08285714285714285 0.019583333333333335 0.039285714285714285
1 0.18541666666666667 0.5057142857142857 0.06291666666666666 0.2042857142857143
1 0.23458333333333334 0.32571428571428573 0.04791666666666667 0.13642857142857143
1 0.3020833333333333 0.3414285714285714 0.032916666666666664 0.16214285714285714
1 0.4175 0.47214285714285714 0.029166666666666667 0.18285714285714286
1 0.49166666666666664 0.36428571428571427 0.025416666666666667 0.13214285714285715
1 0.6495833333333333 0.4257142857142857 0.05458333333333333 0.16285714285714287
1 0.7795833333333333 0.55 0.04708333333333333 0.19
1 0.7170833333333333 0.44785714285714284 0.024166666666666666 0.14857142857142858
1 0.6729166666666667 0.3435714285714286 0.023333333333333334 0.11642857142857142
1 0.68375 0.31285714285714283 0.022916666666666665 0.08428571428571428
1 0.41791666666666666 0.3314285714285714 0.018333333333333333 0.08214285714285714
1 0.43833333333333335 0.38785714285714284 0.03125 0.09428571428571429