0 0.3779166666666667 0.30357142857142855 0.02666666666666667 0.03571428571428571
1 0.06291666666666666 0.5507142857142857 0.06208333333333333 0.20785714285714285
1 0.13875 0.4142857142857143 0.032916666666666664 0.11285714285714285
1 0.275 0.3535714285714286 0.032916666666666664 0.12
1 0.48 0.4692857142857143 0.01875 0.175
1 0.4320833333333333 0.5021428571428571 0.024583333333333332 0.24285714285714285
1 0.5391666666666667 0.5207142857142857 0.042916666666666665 0.205
1 0.6054166666666667 0.5507142857142857 0.023333333333333334 0.18571428571428572
1 0.6691666666666667 0.40714285714285714 0.03625 0.145
1 0.58875 0.4007142857142857 0.02666666666666667 0.12214285714285714
1 0.6295833333333334 0.3457142857142857 0.025416666666666667 0.13785714285714284