1 0.04875 0.5214285714285715 0.032916666666666664 0.18571428571428572
1 0.15458333333333332 0.405 0.03791666666666667 0.18428571428571427
1 0.21208333333333335 0.36 0.04541666666666667 0.15642857142857142
1 0.27541666666666664 0.395 0.04083333333333333 0.14642857142857144
1 0.41833333333333333 0.4328571428571429 0.04875 0.175
1 0.27166666666666667 0.295 0.04416666666666667 0.09642857142857143
0 0.3075 0.12642857142857142 0.019166666666666665 0.037142857142857144
1 0.48 0.4257142857142857 0.01875 0.17285714285714285
1 0.48333333333333334 0.3078571428571429 0.0175 0.1
1 0.5033333333333333 0.395 0.022916666666666665 0.14142857142857143
1 0.6045833333333334 0.36857142857142855 0.034166666666666665 0.15428571428571428
1 0.6804166666666667 0.495 0.03625 0.18928571428571428
1 0.7720833333333333 0.4114285714285714 0.0375 0.16428571428571428