1 0.3025 0.3842857142857143 0.05291666666666667 0.10214285714285715
0 0.3258333333333333 0.36642857142857144 0.011666666666666667 0.035
1 0.10166666666666667 0.44571428571428573 0.04875 0.16
1 0.23 0.4657142857142857 0.052083333333333336 0.17642857142857143
1 0.3225 0.5028571428571429 0.06291666666666666 0.12642857142857142
1 0.41583333333333333 0.4042857142857143 0.03833333333333333 0.16
1 0.3754166666666667 0.30857142857142855 0.030833333333333334 0.10214285714285715
1 0.5033333333333333 0.32857142857142857 0.0275 0.13
1 0.50125 0.5521428571428572 0.04958333333333333 0.21714285714285714
1 0.5129166666666667 0.45785714285714285 0.029166666666666667 0.16142857142857142
1 0.5775 0.38785714285714284 0.02875 0.14
1 0.6225 0.51 0.05 0.18642857142857142
1 0.6 0.39 0.04375 0.14