1 0.5458333333333333 0.5821428571428572 0.04666666666666667 0.2
1 0.12958333333333333 0.3407142857142857 0.0175 0.12571428571428572
1 0.32125 0.36214285714285716 0.0325 0.13285714285714287
1 0.6704166666666667 0.5771428571428572 0.05875 0.205
1 0.3825 0.395 0.022083333333333333 0.15
1 0.4141666666666667 0.4142857142857143 0.020833333333333332 0.13785714285714284
1 0.4354166666666667 0.4014285714285714 0.021666666666666667 0.14
1 0.7083333333333334 0.35642857142857143 0.028333333333333332 0.115
1 0.7341666666666666 0.4835714285714286 0.025 0.14642857142857144
1 0.7583333333333333 0.43714285714285717 0.025833333333333333 0.14142857142857143
1 0.7533333333333333 0.32142857142857145 0.021666666666666667 0.07214285714285715