0 0.22916666666666666 0.08357142857142857 0.015416666666666667 0.027857142857142858
1 0.07916666666666666 0.4085714285714286 0.03916666666666667 0.145
1 0.08666666666666667 0.6378571428571429 0.06125 0.22428571428571428
1 0.24916666666666668 0.4442857142857143 0.0275 0.17285714285714285
1 0.22625 0.32571428571428573 0.035416666666666666 0.12
1 0.32875 0.2692857142857143 0.023333333333333334 0.1
1 0.39791666666666664 0.3842857142857143 0.035833333333333335 0.17214285714285715
1 0.48833333333333334 0.535 0.03166666666666667 0.19285714285714287
1 0.49875 0.39714285714285713 0.03 0.15857142857142856
1 0.675 0.48 0.03666666666666667 0.1657142857142857
1 0.6183333333333333 0.3464285714285714 0.03208333333333333 0.12214285714285714
1 0.6475 0.3921428571428571 0.025833333333333333 0.15714285714285714
1 0.47791666666666666 0.3078571428571429 0.015 0.13214285714285715