1 0.7808333333333334 0.42642857142857143 0.04583333333333333 0.1442857142857143
0 0.7804166666666666 0.49142857142857144 0.02125 0.03571428571428571
1 0.8216666666666667 0.5842857142857143 0.04416666666666667 0.16714285714285715
1 0.23916666666666667 0.4007142857142857 0.0425 0.1392857142857143
1 0.39416666666666667 0.3142857142857143 0.030833333333333334 0.13071428571428573
1 0.4225 0.4642857142857143 0.04041666666666666 0.18285714285714286
1 0.3545833333333333 0.5714285714285714 0.06 0.21785714285714286
1 0.6783333333333333 0.375 0.042916666666666665 0.12
1 0.5904166666666667 0.39285714285714285 0.04666666666666667 0.12714285714285714
1 0.47708333333333336 0.4664285714285714 0.024166666666666666 0.21142857142857144
1 0.5033333333333333 0.49142857142857144 0.019166666666666665 0.25142857142857145