1 0.6875 0.5107142857142857 0.03791666666666667 0.16785714285714284
1 0.7275 0.41928571428571426 0.028333333333333332 0.135
1 0.6695833333333333 0.36857142857142855 0.04041666666666666 0.12
1 0.4820833333333333 0.5042857142857143 0.035833333333333335 0.20642857142857143
0 0.5233333333333333 0.20785714285714285 0.015416666666666667 0.03428571428571429
1 0.4395833333333333 0.44142857142857145 0.02666666666666667 0.1792857142857143
1 0.39458333333333334 0.31285714285714283 0.03375 0.12428571428571429
1 0.4241666666666667 0.33 0.03125 0.145
1 0.47125 0.31357142857142856 0.021666666666666667 0.20285714285714285
1 0.4925 0.33 0.022083333333333333 0.105
1 0.3258333333333333 0.5707142857142857 0.075 0.225
1 0.27791666666666665 0.4107142857142857 0.03958333333333333 0.14214285714285715
1 0.23041666666666666 0.3678571428571429 0.0375 0.14285714285714285