1 0.37125 0.44142857142857145 0.06375 0.18214285714285713
1 0.3070833333333333 0.42857142857142855 0.035416666666666666 0.15857142857142856
1 0.28458333333333335 0.28 0.03666666666666667 0.135
1 0.13083333333333333 0.4007142857142857 0.022083333333333333 0.15714285714285714
1 0.15666666666666668 0.4142857142857143 0.018333333333333333 0.15
1 0.48333333333333334 0.44642857142857145 0.0325 0.1457142857142857
1 0.6429166666666667 0.3507142857142857 0.03125 0.18571428571428572
1 0.48875 0.3578571428571429 0.028333333333333332 0.08571428571428572
1 0.4741666666666667 0.28285714285714286 0.03 0.06357142857142857
1 0.74 0.5271428571428571 0.02875 0.17714285714285713
1 0.7616666666666667 0.42214285714285715 0.02875 0.1442857142857143
0 0.31125 0.1407142857142857 0.01875 0.04428571428571428