1 0.2808333333333333 0.31214285714285717 0.025833333333333333 0.15285714285714286
1 0.18083333333333335 0.45285714285714285 0.024583333333333332 0.15214285714285714
1 0.15125 0.3707142857142857 0.021666666666666667 0.12785714285714286
1 0.41458333333333336 0.45357142857142857 0.030833333333333334 0.16642857142857143
1 0.48291666666666666 0.36428571428571427 0.02875 0.14857142857142858
1 0.5783333333333334 0.3892857142857143 0.03333333333333333 0.15785714285714286
1 0.6575 0.4714285714285714 0.0325 0.21142857142857144
1 0.6979166666666666 0.4664285714285714 0.01375 0.17785714285714285
1 0.8045833333333333 0.42857142857142855 0.02125 0.15214285714285714
1 0.7120833333333333 0.33714285714285713 0.02375 0.13714285714285715
0 0.65 0.15571428571428572 0.019166666666666665 0.03428571428571429
1 0.42625 0.3585714285714286 0.0275 0.085
1 0.41791666666666666 0.2907142857142857 0.025416666666666667 0.08428571428571428