1 0.16833333333333333 0.4585714285714286 0.043333333333333335 0.21
1 0.25125 0.35928571428571426 0.044583333333333336 0.165
1 0.35041666666666665 0.25285714285714284 0.0325 0.115
1 0.41291666666666665 0.42 0.03333333333333333 0.16714285714285715
1 0.37625 0.345 0.025 0.12928571428571428
1 0.40958333333333335 0.3028571428571429 0.024583333333333332 0.07428571428571429
1 0.48125 0.38642857142857145 0.029583333333333333 0.1392857142857143
1 0.645 0.47214285714285714 0.027083333333333334 0.17285714285714285
1 0.7141666666666666 0.3335714285714286 0.021666666666666667 0.12714285714285714
1 0.7916666666666666 0.42714285714285716 0.01875 0.12928571428571428
1 0.4920833333333333 0.31285714285714283 0.018333333333333333 0.07285714285714286
1 0.4741666666666667 0.2814285714285714 0.01625 0.05357142857142857
0 0.39166666666666666 0.09214285714285714 0.02125 0.04