1 0.22708333333333333 0.37142857142857144 0.04791666666666667 0.15571428571428572
1 0.34291666666666665 0.35 0.035833333333333335 0.13857142857142857
1 0.41583333333333333 0.5235714285714286 0.0325 0.20714285714285716
1 0.43583333333333335 0.37357142857142855 0.025 0.12428571428571429
1 0.4320833333333333 0.29928571428571427 0.019583333333333335 0.07928571428571428
1 0.4841666666666667 0.41 0.04 0.1692857142857143
1 0.5254166666666666 0.365 0.03125 0.145
1 0.6208333333333333 0.5857142857142857 0.05708333333333333 0.25285714285714284
1 0.6833333333333333 0.3514285714285714 0.030833333333333334 0.1357142857142857
1 0.41208333333333336 0.3942857142857143 0.037083333333333336 0.07642857142857143
1 0.7341666666666666 0.4807142857142857 0.05 0.15142857142857144
1 0.7354166666666667 0.39714285714285713 0.05 0.14357142857142857
0 0.6775 0.022857142857142857 0.015833333333333335 0.027857142857142858