1 0.12708333333333333 0.4907142857142857 0.05416666666666667 0.19142857142857142
1 0.3025 0.33071428571428574 0.04041666666666666 0.15571428571428572
1 0.5783333333333334 0.3535714285714286 0.042083333333333334 0.1457142857142857
1 0.5029166666666667 0.38857142857142857 0.04083333333333333 0.13214285714285715
1 0.71 0.37785714285714284 0.03625 0.15357142857142858
1 0.795 0.37642857142857145 0.02375 0.12071428571428572
1 0.7804166666666666 0.5185714285714286 0.029166666666666667 0.13785714285714284
1 0.7545833333333334 0.42142857142857143 0.035833333333333335 0.12357142857142857
1 0.40291666666666665 0.4164285714285714 0.020833333333333332 0.16285714285714287
1 0.43666666666666665 0.4235714285714286 0.01375 0.16142857142857142
1 0.43875 0.32142857142857145 0.025 0.04928571428571429