1 0.18708333333333332 0.3807142857142857 0.035833333333333335 0.14785714285714285
1 0.2825 0.42714285714285716 0.04041666666666666 0.20785714285714285
1 0.37333333333333335 0.3985714285714286 0.03833333333333333 0.12214285714285714
1 0.3575 0.3 0.02625 0.08857142857142856
1 0.425 0.3457142857142857 0.021666666666666667 0.1442857142857143
1 0.38708333333333333 0.26 0.024583333333333332 0.12214285714285714
1 0.5825 0.3507142857142857 0.041666666666666664 0.13428571428571429
1 0.7108333333333333 0.3385714285714286 0.03166666666666667 0.11928571428571429
1 0.7975 0.4135714285714286 0.0225 0.135
1 0.7333333333333333 0.4942857142857143 0.03666666666666667 0.16214285714285714
1 0.47333333333333333 0.28 0.022083333333333333 0.16
0 0.47875 0.1742857142857143 0.014166666666666666 0.029285714285714286