0 0.045 0.3892857142857143 0.0175 0.035
1 0.08625 0.6014285714285714 0.09625 0.16071428571428573
1 0.12125 0.48857142857142855 0.06208333333333333 0.15928571428571428
1 0.2891666666666667 0.39 0.051666666666666666 0.14
1 0.3375 0.27714285714285714 0.04 0.1442857142857143
1 0.40041666666666664 0.42714285714285716 0.04583333333333333 0.21285714285714286
1 0.35208333333333336 0.5092857142857142 0.059166666666666666 0.20714285714285716
1 0.5254166666666666 0.4957142857142857 0.04041666666666666 0.20142857142857143
1 0.605 0.37714285714285717 0.03125 0.15571428571428572
1 0.7083333333333334 0.4042857142857143 0.028333333333333332 0.17
1 0.6608333333333334 0.5707142857142857 0.04583333333333333 0.20642857142857143
1 0.4845833333333333 0.3028571428571429 0.027916666666666666 0.07285714285714286
1 0.495 0.42642857142857143 0.03333333333333333 0.15214285714285714