0 0.27625 0.07714285714285714 0.015 0.04214285714285714
1 0.07708333333333334 0.6035714285714285 0.05375 0.1992857142857143
1 0.13458333333333333 0.4042857142857143 0.032916666666666664 0.1692857142857143
1 0.21958333333333332 0.3414285714285714 0.0275 0.13214285714285715
1 0.25916666666666666 0.2785714285714286 0.034166666666666665 0.11571428571428571
1 0.2916666666666667 0.38142857142857145 0.03666666666666667 0.15642857142857142
1 0.41791666666666666 0.44571428571428573 0.04625 0.17642857142857143
1 0.5125 0.49214285714285716 0.02666666666666667 0.2
1 0.48083333333333333 0.31 0.017083333333333332 0.11785714285714285
1 0.6045833333333334 0.37285714285714283 0.030416666666666668 0.1492857142857143
1 0.7170833333333333 0.4207142857142857 0.04125 0.16214285714285714
1 0.7595833333333334 0.5 0.029583333333333333 0.16285714285714287