1 0.9183333333333333 0.43357142857142855 0.037083333333333336 0.15357142857142858
1 0.77625 0.4035714285714286 0.019583333333333335 0.16071428571428573
1 0.5920833333333333 0.4642857142857143 0.0375 0.17
1 0.53375 0.4042857142857143 0.025416666666666667 0.15
1 0.5004166666666666 0.355 0.037083333333333336 0.12857142857142856
1 0.40875 0.4421428571428571 0.022916666666666665 0.1742857142857143
1 0.20958333333333334 0.4764285714285714 0.059166666666666666 0.21642857142857144
1 0.15791666666666668 0.3942857142857143 0.03375 0.1442857142857143
1 0.21041666666666667 0.3485714285714286 0.024583333333333332 0.13142857142857142
1 0.07083333333333333 0.425 0.034583333333333334 0.1492857142857143
1 0.9141666666666667 0.7514285714285714 0.0625 0.18857142857142858