0 0.6129166666666667 0.12928571428571428 0.014583333333333334 0.027857142857142858
1 0.11666666666666667 0.43357142857142855 0.0475 0.17214285714285715
1 0.26708333333333334 0.46714285714285714 0.0525 0.1957142857142857
1 0.24416666666666667 0.32142857142857145 0.03666666666666667 0.11571428571428571
1 0.41208333333333336 0.5357142857142857 0.04375 0.22142857142857142
1 0.5329166666666667 0.45071428571428573 0.0225 0.21571428571428572
1 0.74 0.6485714285714286 0.04583333333333333 0.22071428571428572
1 0.615 0.42214285714285715 0.03875 0.16857142857142857
1 0.7179166666666666 0.3985714285714286 0.032916666666666664 0.15714285714285714
1 0.6554166666666666 0.34714285714285714 0.03625 0.13642857142857143
1 0.6066666666666667 0.2957142857142857 0.04583333333333333 0.10642857142857143
1 0.4275 0.36857142857142855 0.028333333333333332 0.09857142857142857
1 0.43333333333333335 0.2914285714285714 0.028333333333333332 0.06357142857142857