0 0.1825 0.12785714285714286 0.02375 0.03785714285714286
1 0.2633333333333333 0.405 0.03375 0.16785714285714284
1 0.12541666666666668 0.49142857142857144 0.03208333333333333 0.15285714285714286
1 0.30833333333333335 0.28214285714285714 0.030833333333333334 0.12642857142857142
1 0.38375 0.5021428571428571 0.06708333333333333 0.1742857142857143
1 0.1725 0.3792857142857143 0.05 0.16071428571428573
1 0.10208333333333333 0.4207142857142857 0.0375 0.13142857142857142
1 0.48791666666666667 0.4757142857142857 0.034583333333333334 0.19642857142857142
1 0.6691666666666667 0.34 0.03958333333333333 0.1492857142857143
1 0.7979166666666667 0.4057142857142857 0.03958333333333333 0.16642857142857143
1 0.6925 0.5185714285714286 0.050833333333333335 0.22285714285714286
1 0.49541666666666667 0.3742857142857143 0.03958333333333333 0.11857142857142858
1 0.5070833333333333 0.32571428571428573 0.035833333333333335 0.10142857142857142