0 0.14 0.36714285714285716 0.018333333333333333 0.018571428571428572
1 0.08458333333333333 0.4714285714285714 0.051666666666666666 0.13142857142857142
1 0.19583333333333333 0.36214285714285716 0.05416666666666667 0.12142857142857143
1 0.25083333333333335 0.5171428571428571 0.07291666666666667 0.19714285714285715
1 0.37 0.5264285714285715 0.05 0.20285714285714285
1 0.35208333333333336 0.355 0.035416666666666666 0.12285714285714286
1 0.38416666666666666 0.38785714285714284 0.03208333333333333 0.15285714285714286
1 0.50125 0.39785714285714285 0.03 0.17285714285714285
1 0.5341666666666667 0.425 0.03791666666666667 0.16142857142857142
1 0.6483333333333333 0.5078571428571429 0.03833333333333333 0.17857142857142858
1 0.7129166666666666 0.41785714285714287 0.02875 0.17
1 0.61875 0.405 0.0375 0.14357142857142857
1 0.5616666666666666 0.3557142857142857 0.027916666666666666 0.13714285714285715