0 0.6729166666666667 0.10357142857142858 0.023333333333333334 0.04
1 0.21416666666666667 0.4785714285714286 0.05 0.18928571428571428
1 0.17416666666666666 0.4035714285714286 0.025833333333333333 0.13785714285714284
1 0.22041666666666668 0.3342857142857143 0.0225 0.12142857142857143
1 0.4875 0.38857142857142857 0.055 0.14785714285714285
1 0.6229166666666667 0.4714285714285714 0.05291666666666667 0.18428571428571427
1 0.8154166666666667 0.5607142857142857 0.030416666666666668 0.18642857142857142
1 0.7466666666666667 0.425 0.04041666666666666 0.14714285714285713
1 0.6854166666666667 0.36428571428571427 0.04083333333333333 0.12571428571428572
1 0.6516666666666666 0.2935714285714286 0.029166666666666667 0.11571428571428571
1 0.41541666666666666 0.49642857142857144 0.0425 0.18285714285714286
1 0.42 0.38357142857142856 0.032916666666666664 0.10071428571428571
1 0.42541666666666667 0.315 0.03125 0.055714285714285716