1 0.7983333333333333 0.5035714285714286 0.03875 0.18714285714285714
1 0.61875 0.61 0.08875 0.22
1 0.3408333333333333 0.5671428571428572 0.0825 0.24142857142857144
1 0.41791666666666666 0.42714285714285716 0.051666666666666666 0.195
1 0.24583333333333332 0.4207142857142857 0.04416666666666667 0.17714285714285713
1 0.18458333333333332 0.42142857142857143 0.03333333333333333 0.15428571428571428
1 0.6991666666666667 0.31142857142857144 0.0375 0.12571428571428572
1 0.5066666666666667 0.42 0.044583333333333336 0.185
1 0.5670833333333334 0.4357142857142857 0.03916666666666667 0.18928571428571428
1 0.32708333333333334 0.3585714285714286 0.029583333333333333 0.1407142857142857
1 0.43916666666666665 0.33714285714285713 0.024166666666666666 0.15
1 0.76 0.3842857142857143 0.02875 0.145