1 0.5608333333333333 0.24571428571428572 0.02875 0.15071428571428572
0 0.5608333333333333 0.16 0.014583333333333334 0.029285714285714286
1 0.18 0.5142857142857142 0.051666666666666666 0.18142857142857144
1 0.13291666666666666 0.4342857142857143 0.035 0.15928571428571428
1 0.24458333333333335 0.33071428571428574 0.04375 0.11714285714285715
1 0.36916666666666664 0.48642857142857143 0.0375 0.2057142857142857
1 0.4429166666666667 0.2985714285714286 0.025833333333333333 0.17142857142857143
1 0.5016666666666667 0.37785714285714284 0.05708333333333333 0.155
1 0.59625 0.4057142857142857 0.032916666666666664 0.1457142857142857
1 0.5375 0.4685714285714286 0.0275 0.18928571428571428
1 0.6991666666666667 0.34785714285714286 0.02875 0.13142857142857142
1 0.7429166666666667 0.44357142857142856 0.035 0.175