1 0.12 0.6157142857142858 0.05541666666666667 0.18642857142857142
1 0.19166666666666668 0.44785714285714284 0.03791666666666667 0.16
1 0.16833333333333333 0.3807142857142857 0.030833333333333334 0.11357142857142857
1 0.25833333333333336 0.3142857142857143 0.0425 0.10357142857142858
1 0.3541666666666667 0.365 0.050416666666666665 0.13857142857142857
1 0.425 0.41285714285714287 0.04 0.16142857142857142
1 0.4979166666666667 0.42714285714285716 0.04125 0.16142857142857142
1 0.475 0.3092857142857143 0.02 0.14285714285714285
1 0.4866666666666667 0.3514285714285714 0.015 0.07142857142857142
1 0.6891666666666667 0.49714285714285716 0.04666666666666667 0.15785714285714286
1 0.7370833333333333 0.4085714285714286 0.0325 0.13642857142857143
1 0.7070833333333333 0.3485714285714286 0.030416666666666668 0.11428571428571428
0 0.3775 0.12928571428571428 0.014166666666666666 0.029285714285714286