1 0.5325 0.5857142857142857 0.05125 0.2007142857142857
1 0.6666666666666666 0.5664285714285714 0.044583333333333336 0.18714285714285714
1 0.39458333333333334 0.37714285714285717 0.022916666666666665 0.15214285714285714
1 0.41083333333333333 0.415 0.0225 0.19357142857142856
1 0.4354166666666667 0.4 0.02125 0.16428571428571428
1 0.14416666666666667 0.33071428571428574 0.0425 0.13357142857142856
1 0.31083333333333335 0.38 0.0275 0.14285714285714285
1 0.70875 0.37142857142857144 0.04416666666666667 0.11214285714285714
1 0.735 0.5085714285714286 0.025 0.19642857142857142
1 0.7641666666666667 0.43214285714285716 0.029166666666666667 0.15071428571428572
1 0.7558333333333334 0.32142857142857145 0.027083333333333334 0.07214285714285715