0 0.515 0.19642857142857142 0.016666666666666666 0.03642857142857143
1 0.56625 0.625 0.09291666666666666 0.22857142857142856
1 0.17458333333333334 0.5178571428571429 0.06708333333333333 0.20214285714285715
1 0.09375 0.4664285714285714 0.032916666666666664 0.17142857142857143
1 0.2525 0.36857142857142855 0.03166666666666667 0.12357142857142857
1 0.4220833333333333 0.5585714285714286 0.03833333333333333 0.19785714285714287
1 0.5045833333333334 0.4235714285714286 0.030833333333333334 0.16142857142857142
1 0.5708333333333333 0.42642857142857143 0.02625 0.15071428571428572
1 0.6304166666666666 0.5 0.04125 0.1757142857142857
1 0.6979166666666666 0.4164285714285714 0.0325 0.15071428571428572
1 0.5879166666666666 0.32071428571428573 0.023333333333333334 0.08714285714285715
1 0.415 0.3607142857142857 0.027916666666666666 0.11928571428571429
1 0.4345833333333333 0.45071428571428573 0.03166666666666667 0.1442857142857143