1 0.10333333333333333 0.3107142857142857 0.03958333333333333 0.13714285714285715
0 0.09958333333333333 0.20714285714285716 0.020833333333333332 0.024285714285714285
1 0.15583333333333332 0.4092857142857143 0.027916666666666666 0.15642857142857142
1 0.30291666666666667 0.34285714285714286 0.032916666666666664 0.14142857142857143
1 0.6370833333333333 0.5035714285714286 0.051666666666666666 0.22357142857142856
1 0.5825 0.3192857142857143 0.03 0.12714285714285714
1 0.6991666666666667 0.3557142857142857 0.022916666666666665 0.10571428571428572
1 0.7341666666666666 0.42142857142857143 0.034166666666666665 0.14785714285714285
1 0.7895833333333333 0.5078571428571429 0.041666666666666664 0.19428571428571428
1 0.5995833333333334 0.44 0.04791666666666667 0.15142857142857144
1 0.42916666666666664 0.465 0.022083333333333333 0.18785714285714286
1 0.41125 0.41714285714285715 0.024166666666666666 0.1707142857142857
1 0.4325 0.32 0.04708333333333333 0.07214285714285715