0 0.5508333333333333 0.17142857142857143 0.021666666666666667 0.04642857142857143
1 0.5879166666666666 0.5578571428571428 0.04583333333333333 0.22642857142857142
1 0.085 0.5257142857142857 0.04875 0.18857142857142858
1 0.1925 0.39785714285714285 0.032916666666666664 0.11714285714285715
1 0.285 0.3457142857142857 0.05291666666666667 0.11071428571428571
1 0.4325 0.5228571428571429 0.035416666666666666 0.20285714285714285
1 0.43666666666666665 0.35714285714285715 0.03666666666666667 0.14642857142857144
1 0.5108333333333334 0.415 0.0325 0.15142857142857144
1 0.68375 0.39 0.04083333333333333 0.16071428571428573
1 0.6116666666666667 0.40285714285714286 0.035416666666666666 0.15357142857142858
1 0.63375 0.3142857142857143 0.025833333333333333 0.08928571428571429