0 0.3325 0.065 0.02625 0.03785714285714286
1 0.14375 0.5928571428571429 0.07583333333333334 0.22357142857142856
1 0.19416666666666665 0.39071428571428574 0.041666666666666664 0.15928571428571428
1 0.22875 0.37 0.04416666666666667 0.13642857142857143
1 0.34208333333333335 0.44 0.05 0.1657142857142857
1 0.36875 0.295 0.01875 0.14214285714285715
1 0.4041666666666667 0.32285714285714284 0.035416666666666666 0.135
1 0.47875 0.3914285714285714 0.03916666666666667 0.07642857142857143
1 0.48375 0.3157142857142857 0.03166666666666667 0.07357142857142857
1 0.6575 0.335 0.030416666666666668 0.15428571428571428
1 0.4891666666666667 0.4807142857142857 0.0375 0.135
1 0.7433333333333333 0.39571428571428574 0.04041666666666666 0.1442857142857143
1 0.7495833333333334 0.5242857142857142 0.024583333333333332 0.13285714285714287