0 0.4091666666666667 0.11285714285714285 0.017916666666666668 0.047857142857142855
1 0.22375 0.3914285714285714 0.04 0.18214285714285713
1 0.21333333333333335 0.5421428571428571 0.07458333333333333 0.19071428571428573
1 0.3595833333333333 0.42 0.03916666666666667 0.14785714285714285
1 0.41791666666666666 0.37357142857142855 0.03166666666666667 0.15714285714285714
1 0.37583333333333335 0.3157142857142857 0.028333333333333332 0.14357142857142857
1 0.39958333333333335 0.24428571428571427 0.03875 0.13428571428571429
1 0.4725 0.3335714285714286 0.024583333333333332 0.16071428571428573
1 0.51875 0.39 0.029583333333333333 0.16071428571428573
1 0.65375 0.3335714285714286 0.0275 0.12642857142857142
1 0.72125 0.5064285714285715 0.0525 0.1657142857142857
1 0.7716666666666666 0.43785714285714283 0.03125 0.15428571428571428