1 0.5529166666666666 0.51 0.02875 0.19857142857142857
1 0.5204166666666666 0.41714285714285715 0.027083333333333334 0.12928571428571428
1 0.08083333333333333 0.4492857142857143 0.041666666666666664 0.18928571428571428
1 0.1825 0.5342857142857143 0.0575 0.22428571428571428
1 0.3020833333333333 0.3507142857142857 0.04 0.15071428571428572
1 0.3770833333333333 0.6021428571428571 0.045 0.24571428571428572
1 0.35 0.5264285714285715 0.025833333333333333 0.16785714285714284
1 0.3804166666666667 0.42428571428571427 0.04666666666666667 0.195
1 0.59125 0.5164285714285715 0.020833333333333332 0.2042857142857143
1 0.6254166666666666 0.4657142857142857 0.022916666666666665 0.20285714285714285
1 0.56875 0.38857142857142857 0.02 0.08142857142857143
1 0.6370833333333333 0.35428571428571426 0.029166666666666667 0.10571428571428572