1 0.06291666666666666 0.43714285714285717 0.03208333333333333 0.13357142857142856
1 0.11166666666666666 0.53 0.0525 0.1992857142857143
1 0.17791666666666667 0.39714285714285713 0.042083333333333334 0.1442857142857143
1 0.3129166666666667 0.38857142857142857 0.03875 0.18
1 0.41208333333333336 0.5528571428571428 0.03833333333333333 0.19642857142857142
1 0.41208333333333336 0.44 0.02875 0.06857142857142857
1 0.49291666666666667 0.4421428571428571 0.0225 0.20857142857142857
1 0.5483333333333333 0.5657142857142857 0.03125 0.23857142857142857
1 0.64375 0.49857142857142855 0.03166666666666667 0.16642857142857143
1 0.5295833333333333 0.3871428571428571 0.028333333333333332 0.12571428571428572
1 0.6375 0.3464285714285714 0.029166666666666667 0.125
1 0.7254166666666667 0.4342857142857143 0.034583333333333334 0.18
0 0.17625 0.24428571428571427 0.01625 0.022857142857142857