0 0.6325 0.02 0.019583333333333335 0.03357142857142857
1 0.13666666666666666 0.4942857142857143 0.04625 0.21142857142857144
1 0.21458333333333332 0.3678571428571429 0.034166666666666665 0.16857142857142857
1 0.2925 0.33285714285714285 0.03625 0.12142857142857143
1 0.42333333333333334 0.4742857142857143 0.042083333333333334 0.17785714285714285
1 0.5270833333333333 0.3921428571428571 0.025833333333333333 0.15714285714285714
1 0.6633333333333333 0.4142857142857143 0.042916666666666665 0.13071428571428573
1 0.6383333333333333 0.325 0.03333333333333333 0.10142857142857142
1 0.7145833333333333 0.31785714285714284 0.0325 0.13214285714285715
1 0.7745833333333333 0.5442857142857143 0.028333333333333332 0.17285714285714285
1 0.80625 0.51 0.028333333333333332 0.18642857142857142
1 0.43291666666666667 0.36428571428571427 0.025416666666666667 0.06857142857142857
1 0.42875 0.31142857142857144 0.02625 0.027142857142857142