1 0.64125 0.34714285714285714 0.032916666666666664 0.1357142857142857
0 0.6729166666666667 0.3914285714285714 0.019166666666666665 0.035
1 0.13875 0.3742857142857143 0.030833333333333334 0.15357142857142858
1 0.013333333333333334 0.4614285714285714 0.02666666666666667 0.16071428571428573
1 0.29041666666666666 0.33785714285714286 0.0375 0.1357142857142857
1 0.41 0.4757142857142857 0.034166666666666665 0.19357142857142856
1 0.50625 0.37642857142857145 0.04125 0.16285714285714287
1 0.5766666666666667 0.3221428571428571 0.027083333333333334 0.12357142857142857
1 0.6933333333333334 0.49857142857142855 0.03833333333333333 0.17
1 0.7470833333333333 0.4757142857142857 0.04541666666666667 0.13785714285714284
1 0.7216666666666667 0.37714285714285717 0.03208333333333333 0.12142857142857143
1 0.38958333333333334 0.37357142857142855 0.04541666666666667 0.15357142857142858
1 0.43666666666666665 0.39071428571428574 0.025833333333333333 0.18142857142857144