0 0.16833333333333333 0.08357142857142857 0.010416666666666666 0.030714285714285715
1 0.08541666666666667 0.455 0.055 0.185
1 0.25125 0.4342857142857143 0.04958333333333333 0.17714285714285713
1 0.28291666666666665 0.37642857142857145 0.024583333333333332 0.13642857142857143
1 0.29375 0.2814285714285714 0.025416666666666667 0.11071428571428571
1 0.42125 0.4692857142857143 0.056666666666666664 0.19357142857142856
1 0.49041666666666667 0.4471428571428571 0.03 0.17285714285714285
1 0.5570833333333334 0.32 0.02625 0.12857142857142856
1 0.47541666666666665 0.3007142857142857 0.02375 0.07714285714285714
1 0.50375 0.40285714285714286 0.034166666666666665 0.15
1 0.6708333333333333 0.5171428571428571 0.04875 0.19071428571428573
1 0.7504166666666666 0.43642857142857144 0.037083333333333336 0.15785714285714286