1 0.6854166666666667 0.5492857142857143 0.05583333333333333 0.21
1 0.20875 0.6707142857142857 0.06 0.2257142857142857
1 0.17041666666666666 0.45714285714285713 0.029166666666666667 0.16285714285714287
1 0.05458333333333333 0.49214285714285716 0.06125 0.17357142857142857
1 0.43291666666666667 0.3892857142857143 0.035416666666666666 0.22142857142857142
1 0.8479166666666667 0.625 0.05583333333333333 0.20357142857142857
0 0.8791666666666667 0.6342857142857142 0.017916666666666668 0.04928571428571429
1 0.7770833333333333 0.49642857142857144 0.042083333333333334 0.16714285714285715
1 0.7275 0.42928571428571427 0.04833333333333333 0.1442857142857143
1 0.30333333333333334 0.28 0.03375 0.11
1 0.23583333333333334 0.3107142857142857 0.024166666666666666 0.12714285714285714
0 0.29333333333333333 0.26142857142857145 0.012916666666666667 0.020714285714285713
1 0.08375 0.35428571428571426 0.02875 0.12285714285714286
1 0.0725 0.29 0.019583333333333335 0.10642857142857143
1 0.71375 0.36214285714285716 0.0325 0.1457142857142857
1 0.8141666666666667 0.3892857142857143 0.0325 0.15214285714285714
1 0.8775 0.4164285714285714 0.032916666666666664 0.15428571428571428
1 0.8254166666666667 0.30428571428571427 0.022083333333333333 0.12857142857142856
0 0.8279166666666666 0.2342857142857143 0.010416666666666666 0.02142857142857143
1 0.8916666666666667 0.34214285714285714 0.020833333333333332 0.10214285714285715
0 0.8991666666666667 0.3264285714285714 0.0075 0.017142857142857144
1 0.9391666666666667 0.37714285714285717 0.02875 0.10857142857142857
1 0.9854166666666667 0.535 0.029166666666666667 0.11285714285714285
0 0.9875 0.5357142857142857 0.010833333333333334 0.02214285714285714
0 0.4791666666666667 0.23 0.019166666666666665 0.032857142857142856
0 0.4825 0.2857142857142857 0.009166666666666667 0.015
0 0.94 0.35642857142857143 0.0075 0.015