1 0.5275 0.575 0.05291666666666667 0.21571428571428572
1 0.27 0.38857142857142857 0.03666666666666667 0.13857142857142857
1 0.6683333333333333 0.49142857142857144 0.06041666666666667 0.175
1 0.4141666666666667 0.435 0.04375 0.20714285714285716
1 0.47041666666666665 0.45571428571428574 0.03958333333333333 0.18785714285714286
1 0.4725 0.4657142857142857 0.035416666666666666 0.1757142857142857
1 0.5391666666666667 0.38642857142857145 0.035833333333333335 0.16
1 0.32458333333333333 0.5628571428571428 0.075 0.21214285714285713
1 0.12791666666666668 0.4092857142857143 0.03375 0.15928571428571428
1 0.34541666666666665 0.455 0.052083333333333336 0.19214285714285714
1 0.6170833333333333 0.3392857142857143 0.03791666666666667 0.15
1 0.69125 0.41285714285714287 0.03333333333333333 0.12571428571428572
1 0.4008333333333333 0.31 0.032916666666666664 0.08642857142857142
0 0.43041666666666667 0.20142857142857143 0.021666666666666667 0.045