0 0.5983333333333334 0.01 0.025416666666666667 0.02
1 0.6475 0.29428571428571426 0.03125 0.1357142857142857
1 0.14666666666666667 0.43714285714285717 0.042083333333333334 0.17357142857142857
1 0.18125 0.5185714285714286 0.03791666666666667 0.17285714285714285
1 0.29583333333333334 0.34714285714285714 0.027916666666666666 0.12714285714285714
1 0.41791666666666666 0.5278571428571428 0.04625 0.21571428571428572
1 0.505 0.3921428571428571 0.04875 0.19428571428571428
1 0.43333333333333335 0.385 0.0375 0.11928571428571429
1 0.43333333333333335 0.2957142857142857 0.028333333333333332 0.06714285714285714
1 0.6679166666666667 0.6128571428571429 0.05333333333333334 0.22428571428571428
1 0.78125 0.39571428571428574 0.034166666666666665 0.12857142857142856
1 0.6779166666666666 0.47214285714285714 0.034583333333333334 0.17
1 0.6716666666666666 0.39714285714285713 0.034583333333333334 0.16142857142857142