1 0.8333333333333334 0.5364285714285715 0.04708333333333333 0.20214285714285715
1 0.21958333333333332 0.41714285714285715 0.032916666666666664 0.16142857142857142
1 0.32083333333333336 0.4442857142857143 0.0225 0.16642857142857143
1 0.40166666666666667 0.3092857142857143 0.025833333333333333 0.085
1 0.45166666666666666 0.4228571428571429 0.03 0.15071428571428572
1 0.42541666666666667 0.3842857142857143 0.022916666666666665 0.09928571428571428
1 0.6116666666666667 0.3707142857142857 0.022083333333333333 0.14285714285714285
1 0.4895833333333333 0.5485714285714286 0.04666666666666667 0.20214285714285715
1 0.5354166666666667 0.5221428571428571 0.03833333333333333 0.21571428571428572
1 0.6791666666666667 0.3457142857142857 0.030833333333333334 0.11357142857142857
1 0.7820833333333334 0.38857142857142857 0.032916666666666664 0.14285714285714285