0 0.57625 0.16 0.024166666666666666 0.04357142857142857
1 0.16625 0.5028571428571429 0.050833333333333335 0.21071428571428572
1 0.14083333333333334 0.3921428571428571 0.04541666666666667 0.14785714285714285
1 0.26916666666666667 0.3364285714285714 0.04375 0.11642857142857142
1 0.42 0.5471428571428572 0.035416666666666666 0.23
1 0.6858333333333333 0.5985714285714285 0.0675 0.2092857142857143
1 0.7925 0.5057142857142857 0.04708333333333333 0.16785714285714284
1 0.58 0.3871428571428571 0.042916666666666665 0.17357142857142857
1 0.6804166666666667 0.39785714285714285 0.03625 0.1492857142857143
1 0.6975 0.33071428571428574 0.025416666666666667 0.07857142857142857
1 0.43333333333333335 0.32357142857142857 0.03 0.10428571428571429
1 0.41583333333333333 0.41928571428571426 0.03166666666666667 0.09