1 0.14416666666666667 0.4114285714285714 0.02666666666666667 0.16214285714285714
1 0.17875 0.5121428571428571 0.04375 0.20357142857142857
1 0.2970833333333333 0.4014285714285714 0.05291666666666667 0.15714285714285714
1 0.36333333333333334 0.3507142857142857 0.037083333333333336 0.14714285714285713
1 0.41875 0.5471428571428572 0.03166666666666667 0.21714285714285714
1 0.52625 0.5271428571428571 0.04791666666666667 0.23642857142857143
0 0.5329166666666667 0.39357142857142857 0.025833333333333333 0.03357142857142857
1 0.6533333333333333 0.5985714285714285 0.065 0.20142857142857143
1 0.57375 0.5357142857142857 0.03791666666666667 0.19428571428571428
1 0.6591666666666667 0.34714285714285714 0.0325 0.15428571428571428
1 0.7345833333333334 0.43714285714285717 0.035416666666666666 0.15928571428571428