0 0.45166666666666666 0.34214285714285714 0.015416666666666667 0.03142857142857143
1 0.08708333333333333 0.4828571428571429 0.0425 0.1757142857142857
1 0.17125 0.5392857142857143 0.07375 0.20214285714285715
1 0.27125 0.42214285714285715 0.04041666666666666 0.17142857142857143
1 0.4191666666666667 0.5971428571428572 0.041666666666666664 0.21285714285714286
1 0.54375 0.5564285714285714 0.037083333333333336 0.19642857142857142
1 0.5016666666666667 0.47 0.04875 0.13357142857142856
1 0.59625 0.43785714285714283 0.029166666666666667 0.1707142857142857
1 0.5575 0.3435714285714286 0.0325 0.14642857142857144
1 0.7058333333333333 0.4235714285714286 0.0275 0.18071428571428572
1 0.38208333333333333 0.4392857142857143 0.04375 0.13714285714285715
1 0.3958333333333333 0.5192857142857142 0.032916666666666664 0.19857142857142857