1 0.075 0.4328571428571429 0.042916666666666665 0.15285714285714286
1 0.19083333333333333 0.4635714285714286 0.042083333333333334 0.2057142857142857
1 0.27708333333333335 0.3607142857142857 0.032916666666666664 0.14857142857142858
1 0.33416666666666667 0.4407142857142857 0.01875 0.1957142857142857
1 0.33166666666666667 0.32142857142857145 0.0225 0.11571428571428571
1 0.38 0.46785714285714286 0.028333333333333332 0.18071428571428572
1 0.48083333333333333 0.44357142857142856 0.015416666666666667 0.18071428571428572
1 0.7029166666666666 0.4957142857142857 0.035416666666666666 0.16
1 0.6745833333333333 0.33714285714285713 0.0175 0.13357142857142856
1 0.75375 0.42142857142857143 0.025833333333333333 0.1442857142857143
1 0.49875 0.37142857142857144 0.01875 0.1407142857142857
1 0.48 0.3107142857142857 0.0175 0.08785714285714286
0 0.29833333333333334 0.25357142857142856 0.02 0.04428571428571428