0 0.6225 0.2557142857142857 0.01875 0.04071428571428572
1 0.16125 0.4092857142857143 0.04041666666666666 0.14642857142857144
1 0.25666666666666665 0.4421428571428571 0.021666666666666667 0.18928571428571428
1 0.32 0.4307142857142857 0.0175 0.1757142857142857
1 0.4245833333333333 0.3985714285714286 0.0225 0.17142857142857143
1 0.33791666666666664 0.3507142857142857 0.030833333333333334 0.13428571428571429
1 0.38916666666666666 0.32785714285714285 0.02375 0.1442857142857143
1 0.5575 0.31857142857142856 0.04541666666666667 0.12857142857142856
1 0.5770833333333333 0.43642857142857144 0.04125 0.17357142857142857
1 0.6220833333333333 0.4957142857142857 0.04375 0.17142857142857143
1 0.6654166666666667 0.3435714285714286 0.03916666666666667 0.10928571428571429
1 0.7079166666666666 0.4735714285714286 0.03916666666666667 0.1457142857142857
1 0.7029166666666666 0.35642857142857143 0.03958333333333333 0.105