0 0.85625 0.3092857142857143 0.02666666666666667 0.047857142857142855
1 0.7470833333333333 0.6642857142857143 0.09875 0.15642857142857142
1 0.77625 0.48 0.05333333333333334 0.15642857142857142
1 0.6175 0.625 0.06375 0.23785714285714285
1 0.5679166666666666 0.4878571428571429 0.07 0.15928571428571428
1 0.6708333333333333 0.37285714285714283 0.04 0.1
1 0.5933333333333334 0.31214285714285717 0.02666666666666667 0.12928571428571428
1 0.22625 0.455 0.04625 0.2
1 0.40291666666666665 0.5478571428571428 0.04791666666666667 0.2257142857142857
1 0.30291666666666667 0.3707142857142857 0.034583333333333334 0.15071428571428572
1 0.37041666666666667 0.4421428571428571 0.0325 0.2057142857142857
1 0.42833333333333334 0.38142857142857145 0.03208333333333333 0.15
1 0.42083333333333334 0.2735714285714286 0.034583333333333334 0.06285714285714286