0 0.60625 0.3821428571428571 0.01625 0.041428571428571426
0 0.4775 0.35 0.017083333333333332 0.03214285714285714
0 0.24208333333333334 0.1757142857142857 0.019583333333333335 0.04071428571428572
0 0.6766666666666666 0.09214285714285714 0.025 0.04857142857142857
1 0.16083333333333333 0.4564285714285714 0.04 0.19
1 0.19208333333333333 0.35928571428571426 0.034166666666666665 0.14785714285714285
1 0.23 0.35285714285714287 0.032916666666666664 0.15357142857142858
1 0.7891666666666667 0.5171428571428571 0.04625 0.205
1 0.7016666666666667 0.37714285714285717 0.022916666666666665 0.16
1 0.7533333333333333 0.41285714285714287 0.04 0.1442857142857143
1 0.67125 0.3342857142857143 0.029583333333333333 0.11214285714285714
1 0.05541666666666667 0.7271428571428571 0.08666666666666667 0.23642857142857143
1 0.019166666666666665 0.5592857142857143 0.03791666666666667 0.1957142857142857