1 0.21875 0.4764285714285714 0.06458333333333334 0.2
1 0.30583333333333335 0.3792857142857143 0.0425 0.14142857142857143
1 0.4245833333333333 0.30642857142857144 0.029583333333333333 0.14142857142857143
1 0.38 0.5835714285714285 0.029583333333333333 0.175
1 0.3491666666666667 0.43142857142857144 0.037083333333333336 0.15285714285714286
1 0.49833333333333335 0.5478571428571428 0.022083333333333333 0.2
1 0.39916666666666667 0.43357142857142855 0.03166666666666667 0.17357142857142857
1 0.5708333333333333 0.37 0.032916666666666664 0.1692857142857143
1 0.6616666666666666 0.35428571428571426 0.023333333333333334 0.14785714285714285
1 0.7720833333333333 0.4235714285714286 0.023333333333333334 0.125
1 0.7954166666666667 0.5457142857142857 0.0325 0.20785714285714285
1 0.47833333333333333 0.47785714285714287 0.02875 0.13071428571428573
0 0.79875 0.395 0.01125 0.025714285714285714