0 0.4325 0.245 0.016666666666666666 0.035
1 0.21 0.645 0.09375 0.265
1 0.12333333333333334 0.4307142857142857 0.051666666666666666 0.1692857142857143
1 0.25166666666666665 0.36857142857142855 0.04541666666666667 0.17
1 0.3154166666666667 0.28285714285714286 0.0375 0.12785714285714286
1 0.4816666666666667 0.295 0.0225 0.105
1 0.4870833333333333 0.5328571428571428 0.032916666666666664 0.225
1 0.48625 0.4007142857142857 0.03833333333333333 0.11214285714285714
1 0.6116666666666667 0.36428571428571427 0.037083333333333336 0.14142857142857143
1 0.71875 0.42928571428571427 0.032916666666666664 0.16642857142857143
1 0.68125 0.5085714285714286 0.03791666666666667 0.21357142857142858