1 0.075 0.4642857142857143 0.0475 0.17214285714285715
1 0.23625 0.3692857142857143 0.02625 0.10571428571428572
1 0.25583333333333336 0.4764285714285714 0.035 0.155
1 0.35291666666666666 0.46214285714285713 0.017916666666666668 0.16214285714285714
1 0.42291666666666666 0.5342857142857143 0.04125 0.185
1 0.34708333333333335 0.3435714285714286 0.029166666666666667 0.06428571428571428
1 0.4766666666666667 0.48214285714285715 0.0325 0.20285714285714285
1 0.5041666666666667 0.43642857142857144 0.0225 0.1707142857142857
1 0.5258333333333334 0.38357142857142856 0.03125 0.16785714285714284
1 0.6495833333333333 0.5207142857142857 0.01875 0.21785714285714286
1 0.7329166666666667 0.43142857142857144 0.03916666666666667 0.1707142857142857
1 0.6495833333333333 0.37214285714285716 0.04625 0.125
0 0.3325 0.145 0.024583333333333332 0.04642857142857143