1 0.12 0.4421428571428571 0.049166666666666664 0.1657142857142857
1 0.17875 0.5271428571428571 0.042083333333333334 0.1742857142857143
1 0.2833333333333333 0.35642857142857143 0.034166666666666665 0.1392857142857143
1 0.43166666666666664 0.49357142857142855 0.02375 0.18571428571428572
1 0.4125 0.3464285714285714 0.02 0.12785714285714286
1 0.59875 0.4742857142857143 0.024583333333333332 0.20285714285714285
1 0.6379166666666667 0.3535714285714286 0.030833333333333334 0.16285714285714287
1 0.7125 0.4607142857142857 0.03166666666666667 0.21357142857142858
1 0.5283333333333333 0.49642857142857144 0.025833333333333333 0.22857142857142856
1 0.5025 0.37142857142857144 0.015 0.08571428571428572
1 0.5229166666666667 0.3407142857142857 0.018333333333333333 0.06428571428571428
0 0.5208333333333334 0.27214285714285713 0.022916666666666665 0.05071428571428571