1 0.6716666666666666 0.5678571428571428 0.05 0.21714285714285714
1 0.74375 0.5485714285714286 0.04666666666666667 0.205
1 0.7845833333333333 0.4742857142857143 0.03375 0.13214285714285715
1 0.4395833333333333 0.41214285714285714 0.022083333333333333 0.14357142857142857
1 0.5025 0.3914285714285714 0.034166666666666665 0.10642857142857143
0 0.6491666666666667 0.34785714285714286 0.029583333333333333 0.047142857142857146
1 0.72 0.30857142857142855 0.035833333333333335 0.13428571428571429
1 0.7391666666666666 0.37857142857142856 0.0375 0.12785714285714286
1 0.39416666666666667 0.43714285714285717 0.0325 0.18642857142857142
1 0.26208333333333333 0.34785714285714286 0.04375 0.15214285714285714
1 0.10625 0.41928571428571426 0.03 0.15785714285714286
1 0.04416666666666667 0.5042857142857143 0.057916666666666665 0.19142857142857142
1 0.4170833333333333 0.3578571428571429 0.02375 0.12714285714285714