1 0.5141666666666667 0.4328571428571429 0.030833333333333334 0.19285714285714287
1 0.5470833333333334 0.32285714285714284 0.03833333333333333 0.125
1 0.6679166666666667 0.5471428571428572 0.025416666666666667 0.21428571428571427
1 0.7229166666666667 0.47 0.02125 0.15214285714285714
1 0.6908333333333333 0.3678571428571429 0.035833333333333335 0.11214285714285714
1 0.75 0.365 0.025416666666666667 0.13714285714285715
1 0.3954166666666667 0.35214285714285715 0.03916666666666667 0.11571428571428571
1 0.36083333333333334 0.5057142857142857 0.035416666666666666 0.17714285714285713
1 0.3 0.46714285714285714 0.049166666666666664 0.16357142857142856
1 0.3258333333333333 0.37 0.030416666666666668 0.11642857142857142
1 0.29291666666666666 0.36 0.03375 0.075