1 0.8275 0.3585714285714286 0.025 0.13357142857142856
1 0.7166666666666667 0.5078571428571429 0.04125 0.18928571428571428
1 0.6641666666666667 0.37857142857142856 0.05583333333333333 0.11857142857142858
1 0.48291666666666666 0.435 0.02666666666666667 0.16428571428571428
1 0.5141666666666667 0.37142857142857144 0.02 0.18357142857142858
1 0.42916666666666664 0.3028571428571429 0.025416666666666667 0.15571428571428572
1 0.32875 0.345 0.034166666666666665 0.13071428571428573
1 0.18916666666666668 0.33714285714285713 0.027916666666666666 0.14357142857142857
1 0.13416666666666666 0.37357142857142855 0.03958333333333333 0.1457142857142857
1 0.11166666666666666 0.4928571428571429 0.05416666666666667 0.15214285714285714
1 0.47791666666666666 0.305 0.030416666666666668 0.10714285714285714
0 0.8275 0.16142857142857142 0.014166666666666666 0.02857142857142857