0 0.6508333333333334 0.11642857142857142 0.017083333333333332 0.035
1 0.20208333333333334 0.41 0.042083333333333334 0.16714285714285715
1 0.29333333333333333 0.4564285714285714 0.041666666666666664 0.19142857142857142
1 0.3416666666666667 0.3442857142857143 0.04583333333333333 0.15071428571428572
1 0.41041666666666665 0.5328571428571428 0.05 0.21857142857142858
1 0.52125 0.40785714285714286 0.04041666666666666 0.1992857142857143
1 0.42791666666666667 0.37714285714285717 0.034583333333333334 0.13142857142857142
1 0.5970833333333333 0.36428571428571427 0.04541666666666667 0.1657142857142857
1 0.6716666666666666 0.455 0.037083333333333336 0.17214285714285715
1 0.7570833333333333 0.5985714285714285 0.06541666666666666 0.2092857142857143
1 0.7741666666666667 0.3707142857142857 0.05375 0.1442857142857143
1 0.7025 0.30642857142857144 0.034166666666666665 0.10571428571428572
1 0.4295833333333333 0.2864285714285714 0.0325 0.07642857142857143