0 0.43833333333333335 0.28785714285714287 0.012083333333333333 0.025
1 0.17833333333333334 0.49857142857142855 0.04541666666666667 0.15857142857142856
1 0.16583333333333333 0.3678571428571429 0.03166666666666667 0.12642857142857142
1 0.3025 0.33714285714285713 0.05416666666666667 0.075
1 0.36041666666666666 0.505 0.0375 0.21071428571428572
1 0.4141666666666667 0.4657142857142857 0.023333333333333334 0.18785714285714286
1 0.4825 0.43785714285714283 0.04083333333333333 0.17
1 0.42333333333333334 0.3457142857142857 0.0275 0.15
1 0.5445833333333333 0.5485714285714286 0.04083333333333333 0.22285714285714286
1 0.6166666666666667 0.46785714285714286 0.03833333333333333 0.1742857142857143
1 0.5558333333333333 0.34285714285714286 0.025 0.11428571428571428
1 0.57125 0.43214285714285716 0.03166666666666667 0.17142857142857143
1 0.80375 0.5921428571428572 0.04541666666666667 0.19785714285714287