1 0.03791666666666667 0.49642857142857144 0.035833333333333335 0.18071428571428572
1 0.32875 0.34285714285714286 0.03833333333333333 0.145
1 0.43125 0.30357142857142855 0.02666666666666667 0.165
1 0.14583333333333334 0.39785714285714285 0.03333333333333333 0.16
1 0.16458333333333333 0.3385714285714286 0.02875 0.15642857142857142
1 0.8729166666666667 0.3357142857142857 0.03208333333333333 0.12785714285714286
1 0.7129166666666666 0.5071428571428571 0.0475 0.14857142857142858
1 0.6654166666666667 0.3628571428571429 0.04416666666666667 0.13714285714285715
1 0.48375 0.42642857142857143 0.025833333333333333 0.17714285714285713
1 0.5066666666666667 0.3757142857142857 0.017916666666666668 0.16785714285714284
1 0.47625 0.36642857142857144 0.02375 0.16714285714285715
0 0.87375 0.3335714285714286 0.01 0.017142857142857144