0 0.31916666666666665 0.21928571428571428 0.012083333333333333 0.032857142857142856
1 0.12625 0.45785714285714285 0.0425 0.17714285714285713
1 0.2520833333333333 0.4135714285714286 0.03375 0.14785714285714285
1 0.4225 0.4257142857142857 0.042083333333333334 0.19214285714285714
1 0.22458333333333333 0.3578571428571429 0.0275 0.12071428571428572
1 0.27708333333333335 0.34785714285714286 0.029166666666666667 0.10642857142857143
1 0.49125 0.44642857142857145 0.02625 0.16857142857142857
1 0.61375 0.45785714285714285 0.029166666666666667 0.18
1 0.64625 0.37142857142857144 0.030416666666666668 0.15857142857142856
1 0.7641666666666667 0.44285714285714284 0.037083333333333336 0.16357142857142856
1 0.48125 0.34214285714285714 0.021666666666666667 0.06428571428571428
1 0.49625 0.31142857142857144 0.019583333333333335 0.08642857142857142