1 0.9370833333333334 0.4257142857142857 0.022916666666666665 0.15142857142857144
0 0.6320833333333333 0.35428571428571426 0.016666666666666666 0.039285714285714285
1 0.6941666666666667 0.3264285714285714 0.035833333333333335 0.12428571428571429
1 0.5933333333333334 0.43857142857142856 0.04583333333333333 0.18142857142857144
1 0.49666666666666665 0.4014285714285714 0.037083333333333336 0.15857142857142856
1 0.36041666666666666 0.45714285714285713 0.035 0.2
1 0.25666666666666665 0.4764285714285714 0.041666666666666664 0.2057142857142857
1 0.10541666666666667 0.4035714285714286 0.030416666666666668 0.15857142857142856
1 0.20625 0.4357142857142857 0.04625 0.15285714285714286
1 0.20333333333333334 0.3678571428571429 0.017083333333333332 0.15071428571428572
1 0.5191666666666667 0.37714285714285717 0.0275 0.17857142857142858
1 0.50375 0.3057142857142857 0.0125 0.04071428571428572
1 0.035833333333333335 0.2814285714285714 0.024583333333333332 0.08142857142857143