1 0.29375 0.3 0.035416666666666666 0.11571428571428571
1 0.35375 0.3921428571428571 0.05125 0.20357142857142857
0 0.32958333333333334 0.25 0.01875 0.030714285714285715
1 0.09416666666666666 0.6385714285714286 0.06541666666666666 0.2357142857142857
1 0.16333333333333333 0.475 0.04125 0.17285714285714285
1 0.235 0.36 0.03625 0.1407142857142857
1 0.48333333333333334 0.4828571428571429 0.03833333333333333 0.19428571428571428
1 0.48333333333333334 0.36857142857142855 0.04125 0.09571428571428571
1 0.4816666666666667 0.28785714285714287 0.020833333333333332 0.07928571428571428
1 0.62125 0.37285714285714283 0.034166666666666665 0.14714285714285713
1 0.70625 0.4235714285714286 0.02666666666666667 0.165
1 0.63 0.5528571428571428 0.050416666666666665 0.22214285714285714