0 0.795 0.21714285714285714 0.012083333333333333 0.022857142857142857
1 0.82125 0.31357142857142856 0.025833333333333333 0.12785714285714286
1 0.8029166666666666 0.4564285714285714 0.04708333333333333 0.15642857142857142
1 0.7091666666666666 0.43785714285714283 0.035416666666666666 0.15285714285714286
1 0.5295833333333333 0.3657142857142857 0.025 0.15
1 0.5041666666666667 0.35285714285714287 0.0175 0.16785714285714284
1 0.48041666666666666 0.365 0.02875 0.20142857142857143
1 0.36125 0.375 0.04375 0.14785714285714285
1 0.3375 0.3435714285714286 0.024583333333333332 0.11857142857142858
1 0.28125 0.505 0.04416666666666667 0.19142857142857142
1 0.145 0.4957142857142857 0.03958333333333333 0.13785714285714284
1 0.14541666666666667 0.38571428571428573 0.035 0.11357142857142857
1 0.18375 0.355 0.029166666666666667 0.11928571428571429