1 0.7883333333333333 0.5514285714285714 0.05375 0.18285714285714286
1 0.7545833333333334 0.4164285714285714 0.04541666666666667 0.12642857142857142
1 0.6720833333333334 0.36857142857142855 0.0525 0.13285714285714287
1 0.5879166666666666 0.37214285714285716 0.04541666666666667 0.1357142857142857
1 0.48375 0.45357142857142857 0.03791666666666667 0.26071428571428573
1 0.4920833333333333 0.35928571428571426 0.014583333333333334 0.03357142857142857
1 0.43083333333333335 0.3707142857142857 0.028333333333333332 0.11857142857142858
1 0.4033333333333333 0.28785714285714287 0.027083333333333334 0.1
1 0.37041666666666667 0.5185714285714286 0.06916666666666667 0.20142857142857143
1 0.30833333333333335 0.36 0.04708333333333333 0.14
1 0.27958333333333335 0.4585714285714286 0.03625 0.18214285714285713
1 0.22458333333333333 0.41714285714285715 0.04958333333333333 0.1742857142857143
0 0.7395833333333334 0.4342857142857143 0.0175 0.025714285714285714