1 0.022916666666666665 0.6571428571428571 0.04583333333333333 0.10857142857142857
1 0.16958333333333334 0.37285714285714283 0.04625 0.13642857142857143
0 0.050416666666666665 0.3914285714285714 0.0125 0.027142857142857142
1 0.2758333333333333 0.5178571428571429 0.050833333333333335 0.2257142857142857
1 0.23083333333333333 0.5042857142857143 0.04666666666666667 0.11857142857142858
1 0.37916666666666665 0.35428571428571426 0.03 0.155
1 0.4058333333333333 0.3057142857142857 0.03166666666666667 0.14357142857142857
1 0.52125 0.5171428571428571 0.04583333333333333 0.20642857142857143
1 0.5941666666666666 0.4664285714285714 0.025 0.16857142857142857
1 0.5204166666666666 0.3871428571428571 0.023333333333333334 0.105
1 0.565 0.40714285714285714 0.0225 0.16428571428571428
1 0.6004166666666667 0.3742857142857143 0.025833333333333333 0.08857142857142856
1 0.53625 0.36 0.020833333333333332 0.14