0 0.32875 0.095 0.020833333333333332 0.035
1 0.18166666666666667 0.48 0.06125 0.18928571428571428
1 0.275 0.5814285714285714 0.05875 0.2757142857142857
1 0.26 0.34285714285714286 0.023333333333333334 0.12142857142857143
1 0.2833333333333333 0.3985714285714286 0.035833333333333335 0.165
1 0.40541666666666665 0.4092857142857143 0.056666666666666664 0.14642857142857144
1 0.38958333333333334 0.30357142857142855 0.04541666666666667 0.11428571428571428
1 0.5079166666666667 0.34285714285714286 0.06166666666666667 0.12571428571428572
1 0.4870833333333333 0.575 0.04625 0.195
1 0.4766666666666667 0.44642857142857145 0.04375 0.085
1 0.7308333333333333 0.5521428571428572 0.04833333333333333 0.18857142857142858
1 0.6745833333333333 0.34785714285714286 0.03666666666666667 0.115
1 0.71625 0.4085714285714286 0.035833333333333335 0.12785714285714286