0 0.6175 0.13357142857142856 0.01 0.03571428571428571
1 0.17166666666666666 0.4614285714285714 0.027916666666666666 0.18142857142857144
1 0.21375 0.4142857142857143 0.030833333333333334 0.14642857142857144
1 0.25416666666666665 0.4907142857142857 0.043333333333333335 0.21
1 0.3954166666666667 0.5764285714285714 0.0475 0.21714285714285714
1 0.38708333333333333 0.36214285714285716 0.02625 0.15428571428571428
1 0.41083333333333333 0.43642857142857144 0.023333333333333334 0.16071428571428573
1 0.5041666666666667 0.3842857142857143 0.04 0.13857142857142857
1 0.53 0.625 0.03333333333333333 0.22214285714285714
1 0.4979166666666667 0.5378571428571428 0.04791666666666667 0.20214285714285715
1 0.6441666666666667 0.3342857142857143 0.04875 0.13714285714285715
1 0.70375 0.45071428571428573 0.042083333333333334 0.16285714285714287
1 0.7329166666666667 0.36357142857142855 0.02666666666666667 0.11428571428571428