0 0.5295833333333333 0.11785714285714285 0.0175 0.020714285714285713
0 0.5291666666666667 0.11928571428571429 0.0075 0.027142857142857142
1 0.019166666666666665 0.5157142857142857 0.03833333333333333 0.175
1 0.13208333333333333 0.47214285714285714 0.04125 0.1792857142857143
1 0.19583333333333333 0.3985714285714286 0.0425 0.12214285714285714
1 0.23583333333333334 0.3442857142857143 0.02666666666666667 0.12857142857142856
1 0.28583333333333333 0.4042857142857143 0.03958333333333333 0.1692857142857143
1 0.42583333333333334 0.4114285714285714 0.02875 0.18642857142857142
1 0.4795833333333333 0.39071428571428574 0.025 0.15928571428571428
1 0.54375 0.4057142857142857 0.022083333333333333 0.17214285714285715
1 0.4970833333333333 0.4107142857142857 0.02666666666666667 0.18785714285714286
1 0.6129166666666667 0.42714285714285716 0.034583333333333334 0.155
1 0.7383333333333333 0.37785714285714284 0.02625 0.12
1 0.7733333333333333 0.5121428571428571 0.032916666666666664 0.20357142857142857