0 0.8766666666666667 0.13142857142857142 0.010833333333333334 0.02142857142857143
1 0.88125 0.3742857142857143 0.017916666666666668 0.10714285714285714
1 0.81125 0.4614285714285714 0.043333333333333335 0.15571428571428572
1 0.7133333333333334 0.45071428571428573 0.035833333333333335 0.13
1 0.5283333333333333 0.3807142857142857 0.030833333333333334 0.15428571428571428
1 0.48083333333333333 0.36142857142857143 0.029583333333333333 0.19714285714285715
1 0.5058333333333334 0.35214285714285715 0.019583333333333335 0.15928571428571428
1 0.29 0.5078571428571429 0.04583333333333333 0.17857142857142858
1 0.3204166666666667 0.36428571428571427 0.034166666666666665 0.13428571428571429
1 0.3433333333333333 0.33071428571428574 0.02375 0.10857142857142857
1 0.17541666666666667 0.3492857142857143 0.030416666666666668 0.12071428571428572
1 0.12583333333333332 0.39071428571428574 0.025416666666666667 0.1457142857142857
1 0.07208333333333333 0.5057142857142857 0.04125 0.14