1 0.26625 0.4085714285714286 0.043333333333333335 0.16142857142857142
1 0.3595833333333333 0.5364285714285715 0.04833333333333333 0.22285714285714286
1 0.4195833333333333 0.3757142857142857 0.027083333333333334 0.15214285714285714
1 0.3754166666666667 0.3385714285714286 0.03375 0.13714285714285715
1 0.4116666666666667 0.2742857142857143 0.019583333333333335 0.06142857142857143
1 0.34833333333333333 0.38 0.022916666666666665 0.10285714285714286
1 0.7520833333333333 0.38 0.035416666666666666 0.10071428571428571
1 0.71375 0.4642857142857143 0.06375 0.13357142857142856
1 0.6104166666666667 0.5178571428571429 0.07416666666666667 0.21785714285714286
1 0.49583333333333335 0.39357142857142857 0.05 0.18785714285714286
1 0.7016666666666667 0.3364285714285714 0.02875 0.12071428571428572
1 0.51125 0.29714285714285715 0.027916666666666666 0.05785714285714286