1 0.5629166666666666 0.39357142857142857 0.0475 0.13214285714285715
0 0.5979166666666667 0.3692857142857143 0.008333333333333333 0.02642857142857143
1 0.6416666666666667 0.3707142857142857 0.0675 0.09214285714285714
1 0.19458333333333333 0.5135714285714286 0.04791666666666667 0.21642857142857144
1 0.21208333333333335 0.39714285714285713 0.0425 0.13785714285714284
1 0.30125 0.415 0.042916666666666665 0.20357142857142857
1 0.36875 0.5507142857142857 0.04416666666666667 0.24785714285714286
1 0.49 0.6021428571428571 0.04041666666666666 0.23642857142857143
1 0.3929166666666667 0.42 0.03333333333333333 0.15714285714285714
1 0.3875 0.31285714285714283 0.03833333333333333 0.09
1 0.7183333333333334 0.3964285714285714 0.042083333333333334 0.13642857142857143
1 0.8320833333333333 0.5878571428571429 0.04083333333333333 0.2007142857142857