0 0.40125 0.023571428571428573 0.018333333333333333 0.029285714285714286
1 0.19458333333333333 0.37714285714285717 0.03333333333333333 0.18428571428571427
1 0.26666666666666666 0.4135714285714286 0.0525 0.18142857142857144
1 0.3958333333333333 0.435 0.027916666666666666 0.16714285714285715
1 0.37 0.27214285714285713 0.023333333333333334 0.13428571428571429
1 0.43083333333333335 0.2785714285714286 0.037083333333333336 0.155
1 0.38166666666666665 0.32071428571428573 0.024166666666666666 0.07357142857142857
1 0.48583333333333334 0.4092857142857143 0.024583333333333332 0.15642857142857142
1 0.4741666666666667 0.27214285714285713 0.02125 0.09142857142857143
1 0.5033333333333333 0.3221428571428571 0.027916666666666666 0.13357142857142856
1 0.6466666666666666 0.3242857142857143 0.024166666666666666 0.13142857142857142
1 0.67 0.4642857142857143 0.052083333333333336 0.14785714285714285
1 0.7641666666666667 0.4392857142857143 0.03916666666666667 0.17