1 0.09 0.40714285714285714 0.03833333333333333 0.1657142857142857
1 0.18875 0.5035714285714286 0.06333333333333334 0.1742857142857143
1 0.17875 0.3607142857142857 0.029166666666666667 0.11857142857142858
1 0.3958333333333333 0.5314285714285715 0.032916666666666664 0.21428571428571427
1 0.5366666666666666 0.4714285714285714 0.044583333333333336 0.17357142857142857
1 0.5683333333333334 0.505 0.027083333333333334 0.1992857142857143
1 0.5933333333333334 0.5064285714285715 0.025 0.21142857142857144
1 0.6420833333333333 0.45785714285714285 0.03375 0.21642857142857144
1 0.5375 0.4114285714285714 0.03333333333333333 0.15142857142857144
1 0.34791666666666665 0.4764285714285714 0.043333333333333335 0.20857142857142857
1 0.3595833333333333 0.4228571428571429 0.023333333333333334 0.17785714285714285