1 0.6583333333333333 0.4042857142857143 0.034166666666666665 0.1692857142857143
0 0.6591666666666667 0.31 0.017916666666666668 0.03
1 0.10666666666666667 0.5164285714285715 0.05541666666666667 0.1992857142857143
1 0.1325 0.39285714285714285 0.04125 0.17214285714285715
1 0.2575 0.31142857142857144 0.024166666666666666 0.13857142857142857
1 0.4191666666666667 0.49785714285714283 0.03833333333333333 0.18714285714285714
1 0.5970833333333333 0.36 0.027083333333333334 0.15571428571428572
1 0.7025 0.3871428571428571 0.025 0.145
1 0.73 0.3342857142857143 0.024166666666666666 0.10214285714285715
1 0.72875 0.485 0.020416666666666666 0.17357142857142857
1 0.77625 0.5764285714285714 0.05708333333333333 0.18357142857142858
1 0.41375 0.3414285714285714 0.023333333333333334 0.09071428571428572
1 0.43041666666666667 0.4057142857142857 0.028333333333333332 0.08642857142857142