0 0.23041666666666666 0.195 0.017916666666666668 0.03642857142857143
1 0.19833333333333333 0.36142857142857143 0.05625 0.11428571428571428
1 0.2425 0.45785714285714285 0.04583333333333333 0.18357142857142858
1 0.34458333333333335 0.41 0.0625 0.16714285714285715
1 0.29375 0.37714285714285717 0.06666666666666667 0.13142857142857142
1 0.41375 0.5914285714285714 0.05625 0.22071428571428572
1 0.51375 0.685 0.07666666666666666 0.21642857142857144
1 0.7279166666666667 0.5692857142857143 0.07166666666666667 0.12357142857142857
1 0.5295833333333333 0.48 0.04958333333333333 0.2057142857142857
1 0.63875 0.36 0.03833333333333333 0.14357142857142857
1 0.6879166666666666 0.4514285714285714 0.035833333333333335 0.1742857142857143
1 0.5116666666666667 0.3942857142857143 0.027083333333333334 0.14714285714285713