0 0.25666666666666665 0.19857142857142857 0.024166666666666666 0.03857142857142857
1 0.18875 0.43142857142857144 0.035833333333333335 0.18428571428571427
1 0.2325 0.5771428571428572 0.0475 0.195
1 0.24875 0.3871428571428571 0.035416666666666666 0.2042857142857143
1 0.36791666666666667 0.49 0.07458333333333333 0.19285714285714287
1 0.3729166666666667 0.395 0.050833333333333335 0.14785714285714285
1 0.3641666666666667 0.29714285714285715 0.022083333333333333 0.11357142857142857
1 0.49916666666666665 0.43 0.04375 0.15785714285714286
1 0.5175 0.38285714285714284 0.030833333333333334 0.1657142857142857
1 0.49375 0.5221428571428571 0.04375 0.18071428571428572
1 0.695 0.33785714285714286 0.024583333333333332 0.15142857142857144
1 0.7904166666666667 0.37857142857142856 0.03375 0.20285714285714285
1 0.745 0.5364285714285715 0.02875 0.19285714285714287