1 0.5458333333333333 0.41928571428571426 0.029166666666666667 0.17285714285714285
1 0.31625 0.4135714285714286 0.04791666666666667 0.1792857142857143
1 0.37 0.44 0.044583333333333336 0.17
1 0.25458333333333333 0.48 0.05375 0.19785714285714287
1 0.06125 0.30142857142857143 0.02125 0.09214285714285714
1 0.11583333333333333 0.3221428571428571 0.03208333333333333 0.11142857142857143
1 0.6083333333333333 0.5385714285714286 0.02375 0.215
1 0.5870833333333333 0.48714285714285716 0.057916666666666665 0.17785714285714285
1 0.5841666666666666 0.44142857142857145 0.051666666666666666 0.17857142857142858
1 0.5945833333333334 0.46785714285714286 0.03166666666666667 0.18928571428571428
1 0.5354166666666667 0.39785714285714285 0.035 0.1742857142857143
1 0.255 0.4357142857142857 0.045 0.18357142857142858