1 0.26 0.31785714285714284 0.03958333333333333 0.15142857142857144
1 0.02 0.5392857142857143 0.019583333333333335 0.14357142857142857
1 0.09333333333333334 0.4085714285714286 0.025 0.12571428571428572
1 0.11666666666666667 0.3992857142857143 0.035833333333333335 0.1392857142857143
1 0.3541666666666667 0.4828571428571429 0.032916666666666664 0.17785714285714285
1 0.41291666666666665 0.3992857142857143 0.035833333333333335 0.16642857142857143
1 0.65875 0.3335714285714286 0.029583333333333333 0.11785714285714285
1 0.70125 0.5071428571428571 0.042083333333333334 0.15785714285714286
1 0.76625 0.41214285714285714 0.0175 0.16214285714285714
1 0.5008333333333334 0.5214285714285715 0.02625 0.235
1 0.4820833333333333 0.335 0.023333333333333334 0.11785714285714285
1 0.49875 0.3585714285714286 0.02 0.1