1 0.27375 0.4307142857142857 0.03125 0.14642857142857144
1 0.34875 0.33 0.03625 0.12714285714285714
1 0.2554166666666667 0.3578571428571429 0.03 0.11571428571428571
1 0.39791666666666664 0.39571428571428574 0.019583333333333335 0.16285714285714287
1 0.42916666666666664 0.35 0.025 0.11857142857142858
1 0.43333333333333335 0.29 0.029583333333333333 0.12
1 0.4925 0.4 0.020416666666666666 0.15071428571428572
1 0.6529166666666667 0.4542857142857143 0.04833333333333333 0.14785714285714285
1 0.67375 0.33285714285714285 0.03166666666666667 0.12785714285714286
1 0.7508333333333334 0.42428571428571427 0.03875 0.16214285714285714
1 0.5070833333333333 0.3078571428571429 0.0275 0.11857142857142858
1 0.47708333333333336 0.3107142857142857 0.011666666666666667 0.09857142857142857
0 0.4175 0.06928571428571428 0.014166666666666666 0.029285714285714286