0 0.6241666666666666 0.5192857142857142 0.0175 0.04214285714285714
1 0.7804166666666666 0.495 0.030833333333333334 0.17285714285714285
1 0.4816666666666667 0.41928571428571426 0.020833333333333332 0.16642857142857143
1 0.4825 0.42642857142857143 0.020833333333333332 0.15857142857142856
1 0.2504166666666667 0.5757142857142857 0.07583333333333334 0.235
1 0.07791666666666666 0.495 0.05541666666666667 0.17285714285714285
1 0.029583333333333333 0.4992857142857143 0.03375 0.18714285714285714
1 0.16041666666666668 0.3535714285714286 0.032916666666666664 0.18285714285714286
1 0.2941666666666667 0.36857142857142855 0.04 0.16285714285714287
1 0.24041666666666667 0.3985714285714286 0.04708333333333333 0.14857142857142858
1 0.76125 0.4057142857142857 0.029583333333333333 0.12642857142857142
1 0.7458333333333333 0.3435714285714286 0.0125 0.09428571428571429
1 0.5045833333333334 0.40214285714285714 0.021666666666666667 0.13142857142857142
1 0.5008333333333334 0.29428571428571426 0.020833333333333332 0.047857142857142855