1 0.7141666666666666 0.6392857142857142 0.04583333333333333 0.21
1 0.7595833333333334 0.845 0.06375 0.19071428571428573
1 0.5279166666666667 0.4392857142857143 0.035833333333333335 0.14785714285714285
1 0.7729166666666667 0.4257142857142857 0.03875 0.1407142857142857
1 0.49125 0.40285714285714286 0.03916666666666667 0.12285714285714286
1 0.6883333333333334 0.47714285714285715 0.0375 0.16214285714285714
1 0.7158333333333333 0.33 0.03625 0.10857142857142857
1 0.3325 0.4471428571428571 0.03791666666666667 0.18071428571428572
1 0.17166666666666666 0.3964285714285714 0.04041666666666666 0.1492857142857143
1 0.2995833333333333 0.33785714285714286 0.035833333333333335 0.12785714285714286
1 0.41583333333333333 0.5342857142857143 0.045 0.22
1 0.42333333333333334 0.3964285714285714 0.042083333333333334 0.11714285714285715
1 0.42375 0.32142857142857145 0.02375 0.07571428571428572
0 0.5704166666666667 0.06714285714285714 0.019583333333333335 0.03642857142857143