1 0.92625 0.42 0.02375 0.1442857142857143
1 0.6408333333333334 0.4564285714285714 0.03666666666666667 0.15785714285714286
1 0.61125 0.40285714285714286 0.02666666666666667 0.175
1 0.48333333333333334 0.41714285714285715 0.03166666666666667 0.18
1 0.5054166666666666 0.39357142857142857 0.02625 0.15428571428571428
1 0.3875 0.4564285714285714 0.05333333333333334 0.15785714285714286
1 0.2833333333333333 0.47 0.056666666666666664 0.21428571428571427
1 0.11083333333333334 0.47214285714285714 0.03916666666666667 0.16357142857142856
1 0.15666666666666668 0.4064285714285714 0.02625 0.155
1 0.22083333333333333 0.3492857142857143 0.0275 0.14
1 0.07291666666666667 0.41785714285714287 0.017916666666666668 0.12857142857142856
0 0.9233333333333333 0.38785714285714284 0.01 0.022857142857142857