1 0.5691666666666667 0.38285714285714284 0.03208333333333333 0.1742857142857143
0 0.5770833333333333 0.285 0.02375 0.04071428571428572
1 0.2683333333333333 0.33071428571428574 0.04625 0.12714285714285714
1 0.12875 0.42142857142857143 0.025 0.16642857142857143
1 0.16333333333333333 0.5192857142857142 0.024583333333333332 0.19
1 0.42041666666666666 0.5435714285714286 0.04375 0.19714285714285715
1 0.4195833333333333 0.43785714285714283 0.04041666666666666 0.18571428571428572
1 0.43416666666666665 0.36714285714285716 0.023333333333333334 0.15142857142857144
1 0.6129166666666667 0.46214285714285713 0.025 0.18214285714285713
1 0.6254166666666666 0.31142857142857144 0.04416666666666667 0.13142857142857142
1 0.7075 0.5407142857142857 0.042083333333333334 0.1957142857142857
1 0.7425 0.49857142857142855 0.041666666666666664 0.13857142857142857
1 0.7566666666666667 0.41928571428571426 0.03916666666666667 0.15357142857142858