0 0.55125 0.01 0.013333333333333334 0.02
1 0.21916666666666668 0.41285714285714287 0.04125 0.17357142857142857
1 0.29833333333333334 0.295 0.02625 0.10785714285714286
1 0.4125 0.5021428571428571 0.03375 0.19
1 0.60125 0.57 0.024583333333333332 0.23642857142857143
1 0.76375 0.37785714285714284 0.04 0.13285714285714287
1 0.6916666666666667 0.48 0.03666666666666667 0.195
1 0.5458333333333333 0.3792857142857143 0.02625 0.15214285714285714
1 0.5683333333333334 0.27714285714285714 0.022916666666666665 0.10285714285714286
1 0.49416666666666664 0.3007142857142857 0.035833333333333335 0.11714285714285715
1 0.38333333333333336 0.39714285714285713 0.035833333333333335 0.1407142857142857
1 0.41583333333333333 0.36214285714285716 0.034583333333333334 0.11785714285714285
1 0.39958333333333335 0.28 0.025416666666666667 0.07928571428571428