1 0.86625 0.3464285714285714 0.0275 0.09428571428571429
1 0.6658333333333334 0.37142857142857144 0.03958333333333333 0.12642857142857142
1 0.7166666666666667 0.48642857142857143 0.03208333333333333 0.13714285714285715
1 0.485 0.42 0.019166666666666665 0.1357142857142857
1 0.51375 0.37142857142857144 0.010416666666666666 0.13428571428571429
1 0.435 0.30428571428571427 0.025 0.13642857142857143
1 0.3275 0.3392857142857143 0.04375 0.12928571428571428
1 0.18333333333333332 0.34214285714285714 0.02125 0.15
1 0.12833333333333333 0.395 0.032916666666666664 0.14857142857142858
1 0.0475 0.5007142857142857 0.03916666666666667 0.165
1 0.47875 0.3057142857142857 0.02666666666666667 0.08357142857142857
0 0.8683333333333333 0.36357142857142855 0.010416666666666666 0.02