0 0.4191666666666667 0.1742857142857143 0.02375 0.04071428571428572
1 0.5079166666666667 0.3678571428571429 0.019583333333333335 0.15
1 0.13958333333333334 0.4857142857142857 0.03791666666666667 0.15928571428571428
1 0.31916666666666665 0.34714285714285714 0.041666666666666664 0.14857142857142858
1 0.20875 0.34285714285714286 0.027083333333333334 0.155
1 0.16 0.39357142857142857 0.034166666666666665 0.08928571428571429
1 0.43291666666666667 0.3442857142857143 0.025416666666666667 0.1707142857142857
1 0.6658333333333334 0.37785714285714284 0.045 0.1442857142857143
1 0.75125 0.3457142857142857 0.035416666666666666 0.15214285714285714
1 0.7216666666666667 0.5071428571428571 0.03 0.17357142857142857
1 0.4825 0.4307142857142857 0.015 0.1692857142857143
1 0.4816666666666667 0.30642857142857144 0.02125 0.08357142857142857