0 0.23916666666666667 0.03785714285714286 0.007916666666666667 0.03
1 0.27166666666666667 0.2642857142857143 0.04125 0.11928571428571429
1 0.20208333333333334 0.3628571428571429 0.029583333333333333 0.1357142857142857
1 0.04375 0.5721428571428572 0.018333333333333333 0.18214285714285713
1 0.3616666666666667 0.52 0.057916666666666665 0.21928571428571428
1 0.4008333333333333 0.3892857142857143 0.041666666666666664 0.15285714285714286
1 0.3954166666666667 0.25285714285714284 0.02666666666666667 0.09785714285714285
1 0.5820833333333333 0.5207142857142857 0.05333333333333334 0.18714285714285714
1 0.6533333333333333 0.3157142857142857 0.0325 0.12285714285714286
1 0.71625 0.44857142857142857 0.03333333333333333 0.16
1 0.7675 0.4114285714285714 0.025416666666666667 0.16071428571428573
1 0.4925 0.3821428571428571 0.02 0.12428571428571429
1 0.48583333333333334 0.29 0.02 0.06571428571428571