1 0.4725 0.38142857142857145 0.0425 0.2257142857142857
0 0.48625 0.2714285714285714 0.019166666666666665 0.037142857142857144
1 0.27666666666666667 0.5542857142857143 0.06791666666666667 0.21214285714285713
1 0.25458333333333333 0.4 0.03208333333333333 0.16142857142857142
1 0.29541666666666666 0.355 0.034166666666666665 0.16642857142857143
1 0.40041666666666664 0.39071428571428574 0.05375 0.18785714285714286
1 0.33875 0.5 0.043333333333333335 0.18571428571428572
1 0.3570833333333333 0.27785714285714286 0.05291666666666667 0.11071428571428571
1 0.5225 0.5228571428571429 0.04666666666666667 0.18571428571428572
1 0.50875 0.3507142857142857 0.0375 0.13428571428571429
1 0.6883333333333334 0.3628571428571429 0.03333333333333333 0.17214285714285715
1 0.7604166666666666 0.39571428571428574 0.025833333333333333 0.15571428571428572
1 0.7491666666666666 0.5228571428571429 0.025833333333333333 0.17