0 0.37083333333333335 0.07428571428571429 0.017083333333333332 0.02642857142857143
1 0.13166666666666665 0.42142857142857143 0.0475 0.15714285714285714
1 0.2504166666666667 0.43785714285714283 0.04791666666666667 0.19714285714285715
1 0.3358333333333333 0.48142857142857143 0.03 0.1357142857142857
1 0.4245833333333333 0.39285714285714285 0.025833333333333333 0.14285714285714285
1 0.3825 0.3157142857142857 0.021666666666666667 0.13357142857142856
1 0.35208333333333336 0.40714285714285714 0.029583333333333333 0.08
1 0.5316666666666666 0.505 0.04416666666666667 0.2057142857142857
1 0.48291666666666666 0.33071428571428574 0.016666666666666666 0.14357142857142857
1 0.6266666666666667 0.3557142857142857 0.022916666666666665 0.13142857142857142
1 0.51625 0.39785714285714285 0.030833333333333334 0.14714285714285713
1 0.6975 0.4957142857142857 0.03166666666666667 0.14785714285714285
1 0.67375 0.39285714285714285 0.0475 0.14285714285714285