0 0.565 0.1442857142857143 0.01625 0.035
1 0.13708333333333333 0.4157142857142857 0.04541666666666667 0.16214285714285714
1 0.22166666666666668 0.4664285714285714 0.0375 0.18142857142857144
1 0.24666666666666667 0.3842857142857143 0.044583333333333336 0.11642857142857142
1 0.4166666666666667 0.5171428571428571 0.03625 0.21
1 0.6083333333333333 0.46 0.08041666666666666 0.17857142857142858
1 0.54125 0.3692857142857143 0.028333333333333332 0.175
1 0.6654166666666667 0.3171428571428571 0.035416666666666666 0.10642857142857143
1 0.6875 0.44642857142857145 0.04125 0.16214285714285714
1 0.7370833333333333 0.6307142857142857 0.04958333333333333 0.21714285714285714
1 0.7258333333333333 0.38571428571428573 0.0325 0.14214285714285715
1 0.43333333333333335 0.40785714285714286 0.021666666666666667 0.15285714285714286