0 0.6158333333333333 0.115 0.01625 0.03214285714285714
1 0.13166666666666665 0.41928571428571426 0.03166666666666667 0.17285714285714285
1 0.23291666666666666 0.44785714285714284 0.04833333333333333 0.20285714285714285
1 0.25583333333333336 0.32857142857142857 0.027916666666666666 0.13285714285714287
1 0.41125 0.5328571428571428 0.03833333333333333 0.2057142857142857
1 0.565 0.4064285714285714 0.035 0.1742857142857143
1 0.6291666666666667 0.3742857142857143 0.03166666666666667 0.15857142857142856
1 0.7029166666666666 0.6071428571428571 0.04375 0.23285714285714285
1 0.6975 0.4542857142857143 0.051666666666666666 0.14714285714285713
1 0.6670833333333334 0.3485714285714286 0.04416666666666667 0.1392857142857143
1 0.5991666666666666 0.30428571428571427 0.03791666666666667 0.11357142857142857
1 0.43291666666666667 0.39285714285714285 0.028333333333333332 0.14285714285714285