1 0.3675 0.4421428571428571 0.04375 0.17285714285714285
0 0.41625 0.325 0.016666666666666666 0.04214285714285714
1 0.22666666666666666 0.48214285714285715 0.05125 0.20714285714285716
1 0.12708333333333333 0.40214285714285714 0.03875 0.14642857142857144
1 0.16458333333333333 0.43642857142857144 0.04 0.15714285714285714
1 0.20625 0.36642857142857144 0.029166666666666667 0.16214285714285714
1 0.5058333333333334 0.41 0.03958333333333333 0.1757142857142857
1 0.7325 0.355 0.029583333333333333 0.14
1 0.9391666666666667 0.4207142857142857 0.01625 0.13214285714285715
1 0.5545833333333333 0.41785714285714287 0.035833333333333335 0.16785714285714284
1 0.525 0.38571428571428573 0.02125 0.15571428571428572
1 0.9683333333333334 0.825 0.06333333333333334 0.18428571428571427