0 0.9525 0.6992857142857143 0.014166666666666666 0.047142857142857146
1 0.3595833333333333 0.5485714285714286 0.07208333333333333 0.22714285714285715
1 0.05416666666666667 0.5421428571428571 0.02375 0.18357142857142858
1 0.1875 0.365 0.01875 0.15571428571428572
1 0.27166666666666667 0.3585714285714286 0.029583333333333333 0.14357142857142857
1 0.41291666666666665 0.37857142857142856 0.025 0.15357142857142858
1 0.4354166666666667 0.5364285714285715 0.03875 0.18642857142857142
1 0.5183333333333333 0.49714285714285716 0.04 0.1792857142857143
1 0.5558333333333333 0.5607142857142857 0.035416666666666666 0.20857142857142857
1 0.6041666666666666 0.5492857142857143 0.03125 0.18857142857142858
1 0.5929166666666666 0.40785714285714286 0.02625 0.10357142857142858
1 0.6416666666666667 0.3842857142857143 0.0325 0.1357142857142857
1 0.6891666666666667 0.4407142857142857 0.03125 0.19285714285714287