1 0.7583333333333333 0.40285714285714286 0.03208333333333333 0.05071428571428571
1 0.7904166666666667 0.3678571428571429 0.02375 0.13714285714285715
1 0.7545833333333334 0.5128571428571429 0.019583333333333335 0.17714285714285713
1 0.48333333333333334 0.3942857142857143 0.017083333333333332 0.12785714285714286
1 0.5208333333333334 0.3921428571428571 0.0125 0.12428571428571429
1 0.5029166666666667 0.3292857142857143 0.022916666666666665 0.09
1 0.2966666666666667 0.33 0.03125 0.09214285714285714
1 0.29541666666666666 0.4928571428571429 0.04958333333333333 0.19857142857142857
1 0.20708333333333334 0.4092857142857143 0.03375 0.14642857142857144
1 0.15 0.3892857142857143 0.029583333333333333 0.1492857142857143
1 0.11291666666666667 0.5007142857142857 0.04958333333333333 0.2042857142857143