0 0.2504166666666667 0.2814285714285714 0.018333333333333333 0.04428571428571428
1 0.20125 0.41 0.05 0.15571428571428572
1 0.24125 0.5314285714285715 0.0675 0.17714285714285713
1 0.3695833333333333 0.5142857142857142 0.03833333333333333 0.17214285714285715
1 0.37833333333333335 0.375 0.029166666666666667 0.09285714285714286
1 0.39166666666666666 0.2985714285714286 0.035416666666666666 0.08214285714285714
1 0.42625 0.44142857142857145 0.04833333333333333 0.19714285714285715
1 0.5129166666666667 0.33785714285714286 0.04708333333333333 0.1357142857142857
1 0.48791666666666667 0.4835714285714286 0.030833333333333334 0.19
1 0.6595833333333333 0.5935714285714285 0.10583333333333333 0.08714285714285715
1 0.6120833333333333 0.37214285714285716 0.032916666666666664 0.16642857142857143
1 0.7483333333333333 0.44571428571428573 0.04 0.17285714285714285