0 0.5475 0.19428571428571428 0.010833333333333334 0.025
1 0.05333333333333334 0.4642857142857143 0.044583333333333336 0.15785714285714286
1 0.19208333333333333 0.5007142857142857 0.06 0.23357142857142857
1 0.3883333333333333 0.71 0.06166666666666667 0.29642857142857143
1 0.28041666666666665 0.33 0.043333333333333335 0.12928571428571428
1 0.43375 0.4342857142857143 0.02625 0.18
1 0.4075 0.33714285714285713 0.02666666666666667 0.14
1 0.5029166666666667 0.34785714285714286 0.030833333333333334 0.15571428571428572
1 0.7120833333333333 0.58 0.03791666666666667 0.225
1 0.61 0.34285714285714286 0.03208333333333333 0.135
1 0.67375 0.4142857142857143 0.032916666666666664 0.09714285714285714
1 0.6958333333333333 0.3678571428571429 0.02625 0.08571428571428572
1 0.62375 0.30142857142857143 0.022916666666666665 0.09142857142857143