1 0.88625 0.3457142857142857 0.020833333333333332 0.10857142857142857
1 0.7225 0.48714285714285716 0.014583333333333334 0.185
1 0.665 0.365 0.0225 0.14357142857142857
1 0.49041666666666667 0.43214285714285716 0.020833333333333332 0.13857142857142857
1 0.5170833333333333 0.38857142857142857 0.025833333333333333 0.13857142857142857
1 0.4766666666666667 0.38 0.028333333333333332 0.15642857142857142
1 0.40458333333333335 0.3357142857142857 0.03625 0.16714285714285715
1 0.32166666666666666 0.3335714285714286 0.0425 0.15
1 0.18875 0.3657142857142857 0.042083333333333334 0.145
1 0.13333333333333333 0.39071428571428574 0.02875 0.14785714285714285
1 0.07416666666666667 0.4585714285714286 0.04625 0.16071428571428573
0 0.885 0.315 0.008333333333333333 0.020714285714285713