0 0.875 0.285 0.019166666666666665 0.032857142857142856
1 0.1375 0.5514285714285714 0.0375 0.19642857142857142
1 0.19125 0.48928571428571427 0.030416666666666668 0.175
1 0.35375 0.41214285714285714 0.042083333333333334 0.15428571428571428
1 0.1625 0.39357142857142857 0.023333333333333334 0.1392857142857143
1 0.23708333333333334 0.33714285714285713 0.03166666666666667 0.14
1 0.34 0.29714285714285715 0.029583333333333333 0.10071428571428571
1 0.4795833333333333 0.43142857142857144 0.02875 0.165
1 0.5320833333333334 0.38785714285714284 0.0225 0.175
1 0.6654166666666667 0.435 0.03 0.18142857142857144
1 0.71125 0.37285714285714283 0.027083333333333334 0.15857142857142856
1 0.87875 0.4157142857142857 0.027083333333333334 0.15928571428571428
1 0.49166666666666664 0.3578571428571429 0.02666666666666667 0.135