0 0.5470833333333334 0.15928571428571428 0.017083333333333332 0.024285714285714285
1 0.10833333333333334 0.505 0.042083333333333334 0.19642857142857142
1 0.22041666666666668 0.43357142857142855 0.051666666666666666 0.17857142857142858
1 0.22458333333333333 0.3357142857142857 0.037083333333333336 0.09714285714285714
1 0.3591666666666667 0.3192857142857143 0.022916666666666665 0.11785714285714285
1 0.41875 0.46785714285714286 0.03333333333333333 0.18142857142857144
1 0.38375 0.3792857142857143 0.042083333333333334 0.12928571428571428
1 0.5233333333333333 0.4114285714285714 0.052083333333333336 0.14642857142857144
1 0.5625 0.33071428571428574 0.03833333333333333 0.10714285714285714
1 0.7891666666666667 0.43357142857142855 0.0425 0.14857142857142858
1 0.5991666666666666 0.5364285714285715 0.03916666666666667 0.18642857142857142
1 0.8283333333333334 0.5728571428571428 0.042916666666666665 0.18714285714285714
1 0.5866666666666667 0.41214285714285714 0.04 0.145