1 0.37958333333333333 0.38285714285714284 0.0375 0.15
1 0.7558333333333334 0.47928571428571426 0.03666666666666667 0.16785714285714284
1 0.6983333333333334 0.41714285714285715 0.03333333333333333 0.16642857142857143
1 0.10375 0.4514285714285714 0.051666666666666666 0.175
1 0.6170833333333333 0.4635714285714286 0.03125 0.1442857142857143
1 0.29875 0.39071428571428574 0.025833333333333333 0.15642857142857142
1 0.32083333333333336 0.3757142857142857 0.019166666666666665 0.11642857142857142
1 0.25916666666666666 0.3892857142857143 0.020416666666666666 0.17
1 0.5729166666666666 0.4278571428571429 0.02 0.18357142857142858
1 0.7133333333333334 0.3442857142857143 0.015 0.06357142857142857
0 0.5416666666666666 0.4157142857142857 0.013333333333333334 0.027142857142857142