0 0.36666666666666664 0.19642857142857142 0.019583333333333335 0.03571428571428571
1 0.04625 0.5571428571428572 0.04375 0.16357142857142856
1 0.19125 0.4035714285714286 0.035 0.17142857142857143
1 0.31 0.2742857142857143 0.030416666666666668 0.11714285714285715
1 0.41125 0.3807142857142857 0.04375 0.155
1 0.36625 0.4057142857142857 0.027916666666666666 0.185
1 0.3358333333333333 0.3314285714285714 0.022916666666666665 0.15785714285714286
1 0.5991666666666666 0.35214285714285715 0.02666666666666667 0.1392857142857143
1 0.7170833333333333 0.505 0.04833333333333333 0.17214285714285715
1 0.7433333333333333 0.38857142857142857 0.030416666666666668 0.15428571428571428
1 0.47875 0.44785714285714284 0.03208333333333333 0.18571428571428572
1 0.4895833333333333 0.34714285714285714 0.02625 0.11071428571428571
1 0.4766666666666667 0.2842857142857143 0.019583333333333335 0.06785714285714285