1 0.6991666666666667 0.44357142857142856 0.0175 0.18214285714285713
1 0.7129166666666666 0.4835714285714286 0.03 0.16071428571428573
1 0.4766666666666667 0.35642857142857143 0.022916666666666665 0.16071428571428573
1 0.5083333333333333 0.37785714285714284 0.027083333333333334 0.14285714285714285
1 0.6608333333333334 0.3921428571428571 0.032916666666666664 0.1407142857142857
1 0.56 0.4492857142857143 0.034166666666666665 0.18714285714285714
1 0.09541666666666666 0.6614285714285715 0.05458333333333333 0.22428571428571428
1 0.06458333333333334 0.5257142857142857 0.035 0.18071428571428572
1 0.09125 0.4107142857142857 0.029166666666666667 0.17
1 0.20041666666666666 0.3357142857142857 0.03 0.15714285714285714
1 0.2825 0.42 0.027916666666666666 0.18571428571428572
1 0.315 0.4392857142857143 0.02666666666666667 0.2057142857142857
0 0.11 0.6392857142857142 0.02 0.041428571428571426