1 0.8716666666666667 0.33785714285714286 0.012916666666666667 0.105
1 0.71875 0.5192857142857142 0.050416666666666665 0.1742857142857143
1 0.6679166666666667 0.36857142857142855 0.051666666666666666 0.1357142857142857
1 0.48125 0.4278571428571429 0.019583333333333335 0.1692857142857143
1 0.5129166666666667 0.3792857142857143 0.020833333333333332 0.14785714285714285
1 0.32916666666666666 0.33785714285714286 0.0275 0.16071428571428573
1 0.4295833333333333 0.29285714285714287 0.027916666666666666 0.13214285714285715
1 0.14458333333333334 0.3964285714285714 0.03208333333333333 0.11357142857142857
1 0.17875 0.325 0.0225 0.13785714285714284
1 0.0375 0.5078571428571429 0.023333333333333334 0.2007142857142857
1 0.47875 0.30428571428571427 0.023333333333333334 0.06285714285714286
0 0.8641666666666666 0.3364285714285714 0.010833333333333334 0.02