1 0.33875 0.31857142857142856 0.042083333333333334 0.12142857142857143
1 0.2504166666666667 0.3264285714285714 0.03333333333333333 0.1442857142857143
1 0.15875 0.3807142857142857 0.04 0.17142857142857143
1 0.4225 0.38142857142857145 0.032916666666666664 0.14642857142857144
1 0.38208333333333333 0.4564285714285714 0.035 0.175
1 0.47791666666666666 0.35428571428571426 0.0375 0.125
0 0.4533333333333333 0.11357142857142857 0.01625 0.04285714285714286
1 0.5716666666666667 0.38642857142857145 0.04083333333333333 0.14357142857142857
1 0.63625 0.4878571428571429 0.04375 0.19071428571428573
1 0.7108333333333333 0.425 0.03958333333333333 0.1407142857142857
1 0.63125 0.30428571428571427 0.023333333333333334 0.09
1 0.66625 0.3607142857142857 0.028333333333333332 0.12785714285714286
1 0.0125 0.4064285714285714 0.025 0.13714285714285715